item,itemLabel,peerageID,birth,death,floruit,prop,propLabel,value,valueLabel
http://www.wikidata.org/entity/Q75883145,Sir Richard St. Mauro,p37854.htm#i378533,1230-01-01T00:00:00Z,,,http://www.wikidata.org/prop/direct/P21,http://www.wikidata.org/prop/direct/P21,http://www.wikidata.org/entity/Q6581097,male
http://www.wikidata.org/entity/Q75883145,Sir Richard St. Mauro,p37854.htm#i378533,1230-01-01T00:00:00Z,,,http://www.wikidata.org/prop/direct/P22,http://www.wikidata.org/prop/direct/P22,http://www.wikidata.org/entity/Q75888088,Thomas Seymour
http://www.wikidata.org/entity/Q75883145,Sir Richard St. Mauro,p37854.htm#i378533,1230-01-01T00:00:00Z,,,http://www.wikidata.org/prop/direct/P25,http://www.wikidata.org/prop/direct/P25,http://www.wikidata.org/entity/Q75931860,Juliana de St. Medard
http://www.wikidata.org/entity/Q75883145,Sir Richard St. Mauro,p37854.htm#i378533,1230-01-01T00:00:00Z,,,http://www.wikidata.org/prop/direct/P31,http://www.wikidata.org/prop/direct/P31,http://www.wikidata.org/entity/Q5,human
http://www.wikidata.org/entity/Q75883145,Sir Richard St. Mauro,p37854.htm#i378533,1230-01-01T00:00:00Z,,,http://www.wikidata.org/prop/direct/P40,http://www.wikidata.org/prop/direct/P40,http://www.wikidata.org/entity/Q75928090,Sir Roger de St. Mauro
http://www.wikidata.org/entity/Q75883145,Sir Richard St. Mauro,p37854.htm#i378533,1230-01-01T00:00:00Z,,,http://www.wikidata.org/prop/direct/P2949,http://www.wikidata.org/prop/direct/P2949,St_Maur-17,St_Maur-17
http://www.wikidata.org/entity/Q75883145,Sir Richard St. Mauro,p37854.htm#i378533,1230-01-01T00:00:00Z,,,http://www.wikidata.org/prop/direct/P4638,http://www.wikidata.org/prop/direct/P4638,p37854.htm#i378533,p37854.htm#i378533
http://www.wikidata.org/entity/Q75883145,Sir Richard St. Mauro,p37854.htm#i378533,1230-01-01T00:00:00Z,,,http://www.wikidata.org/prop/direct/P511,http://www.wikidata.org/prop/direct/P511,http://www.wikidata.org/entity/Q209690,Sir
http://www.wikidata.org/entity/Q75883145,Sir Richard St. Mauro,p37854.htm#i378533,1230-01-01T00:00:00Z,,,http://www.wikidata.org/prop/direct/P569,http://www.wikidata.org/prop/direct/P569,1230-01-01T00:00:00Z,1230-01-01T00:00:00Z
http://www.wikidata.org/entity/Q75883145,Sir Richard St. Mauro,p37854.htm#i378533,1230-01-01T00:00:00Z,,,http://www.wikidata.org/prop/direct/P735,http://www.wikidata.org/prop/direct/P735,http://www.wikidata.org/entity/Q1249148,Richard
http://www.wikidata.org/entity/Q75883145,Sir Richard St. Mauro,p37854.htm#i378533,1230-01-01T00:00:00Z,,,http://www.wikidata.org/prop/direct/P7929,http://www.wikidata.org/prop/direct/P7929,p=richard;n=de st. maur,p=richard;n=de st. maur
http://www.wikidata.org/entity/Q75883186,Catherine FitzGerald,p37857.htm#i378564,1345-01-01T00:00:00Z,,,http://www.wikidata.org/prop/direct/P21,http://www.wikidata.org/prop/direct/P21,http://www.wikidata.org/entity/Q6581072,female
http://www.wikidata.org/entity/Q75883186,Catherine FitzGerald,p37857.htm#i378564,1345-01-01T00:00:00Z,,,http://www.wikidata.org/prop/direct/P22,http://www.wikidata.org/prop/direct/P22,http://www.wikidata.org/entity/Q75883187,Robert FitzGerald
http://www.wikidata.org/entity/Q75883186,Catherine FitzGerald,p37857.htm#i378564,1345-01-01T00:00:00Z,,,http://www.wikidata.org/prop/direct/P26,http://www.wikidata.org/prop/direct/P26,http://www.wikidata.org/entity/Q75806366,Sir William D'Arcy
http://www.wikidata.org/entity/Q75883186,Catherine FitzGerald,p37857.htm#i378564,1345-01-01T00:00:00Z,,,http://www.wikidata.org/prop/direct/P31,http://www.wikidata.org/prop/direct/P31,http://www.wikidata.org/entity/Q5,human
http://www.wikidata.org/entity/Q75883186,Catherine FitzGerald,p37857.htm#i378564,1345-01-01T00:00:00Z,,,http://www.wikidata.org/prop/direct/P40,http://www.wikidata.org/prop/direct/P40,http://www.wikidata.org/entity/Q112611302,"William (II) D'Arcy, of Platten"
http://www.wikidata.org/entity/Q75883186,Catherine FitzGerald,p37857.htm#i378564,1345-01-01T00:00:00Z,,,http://www.wikidata.org/prop/direct/P40,http://www.wikidata.org/prop/direct/P40,http://www.wikidata.org/entity/Q75883188,Sir John D'Arcy
http://www.wikidata.org/entity/Q75883186,Catherine FitzGerald,p37857.htm#i378564,1345-01-01T00:00:00Z,,,http://www.wikidata.org/prop/direct/P1819,http://www.wikidata.org/prop/direct/P1819,I00748076,I00748076
http://www.wikidata.org/entity/Q75883186,Catherine FitzGerald,p37857.htm#i378564,1345-01-01T00:00:00Z,,,http://www.wikidata.org/prop/direct/P2949,http://www.wikidata.org/prop/direct/P2949,Fitzgerald-2128,Fitzgerald-2128
http://www.wikidata.org/entity/Q75883186,Catherine FitzGerald,p37857.htm#i378564,1345-01-01T00:00:00Z,,,http://www.wikidata.org/prop/direct/P4638,http://www.wikidata.org/prop/direct/P4638,p37857.htm#i378564,p37857.htm#i378564
http://www.wikidata.org/entity/Q75883186,Catherine FitzGerald,p37857.htm#i378564,1345-01-01T00:00:00Z,,,http://www.wikidata.org/prop/direct/P569,http://www.wikidata.org/prop/direct/P569,1345-01-01T00:00:00Z,1345-01-01T00:00:00Z
http://www.wikidata.org/entity/Q75883186,Catherine FitzGerald,p37857.htm#i378564,1345-01-01T00:00:00Z,,,http://www.wikidata.org/prop/direct/P734,http://www.wikidata.org/prop/direct/P734,http://www.wikidata.org/entity/Q16466739,FitzGerald
http://www.wikidata.org/entity/Q75883186,Catherine FitzGerald,p37857.htm#i378564,1345-01-01T00:00:00Z,,,http://www.wikidata.org/prop/direct/P735,http://www.wikidata.org/prop/direct/P735,http://www.wikidata.org/entity/Q2218095,Catherine
http://www.wikidata.org/entity/Q75883187,Robert FitzGerald,p37857.htm#i378565,1285-01-01T00:00:00Z,,,http://www.wikidata.org/prop/direct/P21,http://www.wikidata.org/prop/direct/P21,http://www.wikidata.org/entity/Q6581097,male
http://www.wikidata.org/entity/Q75883187,Robert FitzGerald,p37857.htm#i378565,1285-01-01T00:00:00Z,,,http://www.wikidata.org/prop/direct/P31,http://www.wikidata.org/prop/direct/P31,http://www.wikidata.org/entity/Q5,human
http://www.wikidata.org/entity/Q75883187,Robert FitzGerald,p37857.htm#i378565,1285-01-01T00:00:00Z,,,http://www.wikidata.org/prop/direct/P40,http://www.wikidata.org/prop/direct/P40,http://www.wikidata.org/entity/Q75883186,Catherine FitzGerald
http://www.wikidata.org/entity/Q75883187,Robert FitzGerald,p37857.htm#i378565,1285-01-01T00:00:00Z,,,http://www.wikidata.org/prop/direct/P1819,http://www.wikidata.org/prop/direct/P1819,I00748077,I00748077
http://www.wikidata.org/entity/Q75883187,Robert FitzGerald,p37857.htm#i378565,1285-01-01T00:00:00Z,,,http://www.wikidata.org/prop/direct/P2949,http://www.wikidata.org/prop/direct/P2949,Fitzgerald-7132,Fitzgerald-7132
http://www.wikidata.org/entity/Q75883187,Robert FitzGerald,p37857.htm#i378565,1285-01-01T00:00:00Z,,,http://www.wikidata.org/prop/direct/P4638,http://www.wikidata.org/prop/direct/P4638,p37857.htm#i378565,p37857.htm#i378565
http://www.wikidata.org/entity/Q75883187,Robert FitzGerald,p37857.htm#i378565,1285-01-01T00:00:00Z,,,http://www.wikidata.org/prop/direct/P569,http://www.wikidata.org/prop/direct/P569,1285-01-01T00:00:00Z,1285-01-01T00:00:00Z
http://www.wikidata.org/entity/Q75883187,Robert FitzGerald,p37857.htm#i378565,1285-01-01T00:00:00Z,,,http://www.wikidata.org/prop/direct/P734,http://www.wikidata.org/prop/direct/P734,http://www.wikidata.org/entity/Q16466739,FitzGerald
http://www.wikidata.org/entity/Q75883187,Robert FitzGerald,p37857.htm#i378565,1285-01-01T00:00:00Z,,,http://www.wikidata.org/prop/direct/P735,http://www.wikidata.org/prop/direct/P735,http://www.wikidata.org/entity/Q4927937,Robert
http://www.wikidata.org/entity/Q75883194,Richard FitzGerald,p37858.htm#i378571,1370-01-01T00:00:00Z,,,http://www.wikidata.org/prop/direct/P21,http://www.wikidata.org/prop/direct/P21,http://www.wikidata.org/entity/Q6581097,male
http://www.wikidata.org/entity/Q75883194,Richard FitzGerald,p37858.htm#i378571,1370-01-01T00:00:00Z,,,http://www.wikidata.org/prop/direct/P22,http://www.wikidata.org/prop/direct/P22,http://www.wikidata.org/entity/Q5549130,"Gerald FitzGerald, 5th Earl of Kildare"
http://www.wikidata.org/entity/Q75883194,Richard FitzGerald,p37858.htm#i378571,1370-01-01T00:00:00Z,,,http://www.wikidata.org/prop/direct/P26,http://www.wikidata.org/prop/direct/P26,http://www.wikidata.org/entity/Q75894454,Joan de Castle Martin
http://www.wikidata.org/entity/Q75883194,Richard FitzGerald,p37858.htm#i378571,1370-01-01T00:00:00Z,,,http://www.wikidata.org/prop/direct/P31,http://www.wikidata.org/prop/direct/P31,http://www.wikidata.org/entity/Q5,human
http://www.wikidata.org/entity/Q75883194,Richard FitzGerald,p37858.htm#i378571,1370-01-01T00:00:00Z,,,http://www.wikidata.org/prop/direct/P40,http://www.wikidata.org/prop/direct/P40,http://www.wikidata.org/entity/Q75904172,Anne FitzGerald
http://www.wikidata.org/entity/Q75883194,Richard FitzGerald,p37858.htm#i378571,1370-01-01T00:00:00Z,,,http://www.wikidata.org/prop/direct/P2949,http://www.wikidata.org/prop/direct/P2949,Fitzgerald-3823,Fitzgerald-3823
http://www.wikidata.org/entity/Q75883194,Richard FitzGerald,p37858.htm#i378571,1370-01-01T00:00:00Z,,,http://www.wikidata.org/prop/direct/P4638,http://www.wikidata.org/prop/direct/P4638,p37858.htm#i378571,p37858.htm#i378571
http://www.wikidata.org/entity/Q75883194,Richard FitzGerald,p37858.htm#i378571,1370-01-01T00:00:00Z,,,http://www.wikidata.org/prop/direct/P569,http://www.wikidata.org/prop/direct/P569,1370-01-01T00:00:00Z,1370-01-01T00:00:00Z
http://www.wikidata.org/entity/Q75883194,Richard FitzGerald,p37858.htm#i378571,1370-01-01T00:00:00Z,,,http://www.wikidata.org/prop/direct/P734,http://www.wikidata.org/prop/direct/P734,http://www.wikidata.org/entity/Q16466739,FitzGerald
http://www.wikidata.org/entity/Q75883194,Richard FitzGerald,p37858.htm#i378571,1370-01-01T00:00:00Z,,,http://www.wikidata.org/prop/direct/P735,http://www.wikidata.org/prop/direct/P735,http://www.wikidata.org/entity/Q1249148,Richard
http://www.wikidata.org/entity/Q75883426,Margaret St. Lawrence,p37875.htm#i378747,1455-01-01T00:00:00Z,,,http://www.wikidata.org/prop/direct/P21,http://www.wikidata.org/prop/direct/P21,http://www.wikidata.org/entity/Q6581072,female
http://www.wikidata.org/entity/Q75883426,Margaret St. Lawrence,p37875.htm#i378747,1455-01-01T00:00:00Z,,,http://www.wikidata.org/prop/direct/P22,http://www.wikidata.org/prop/direct/P22,http://www.wikidata.org/entity/Q5113272,"Christopher St Lawrence, 2nd Baron Howth"
http://www.wikidata.org/entity/Q75883426,Margaret St. Lawrence,p37875.htm#i378747,1455-01-01T00:00:00Z,,,http://www.wikidata.org/prop/direct/P22,http://www.wikidata.org/prop/direct/P22,http://www.wikidata.org/entity/Q7026247,"Nicholas St Lawrence, 4th Baron Howth"
http://www.wikidata.org/entity/Q75883426,Margaret St. Lawrence,p37875.htm#i378747,1455-01-01T00:00:00Z,,,http://www.wikidata.org/prop/direct/P25,http://www.wikidata.org/prop/direct/P25,http://www.wikidata.org/entity/Q75598800,Anne Plunket
http://www.wikidata.org/entity/Q75883426,Margaret St. Lawrence,p37875.htm#i378747,1455-01-01T00:00:00Z,,,http://www.wikidata.org/prop/direct/P26,http://www.wikidata.org/prop/direct/P26,http://www.wikidata.org/entity/Q75904190,Sir William D'Arcy
http://www.wikidata.org/entity/Q75883426,Margaret St. Lawrence,p37875.htm#i378747,1455-01-01T00:00:00Z,,,http://www.wikidata.org/prop/direct/P31,http://www.wikidata.org/prop/direct/P31,http://www.wikidata.org/entity/Q5,human
http://www.wikidata.org/entity/Q75883426,Margaret St. Lawrence,p37875.htm#i378747,1455-01-01T00:00:00Z,,,http://www.wikidata.org/prop/direct/P40,http://www.wikidata.org/prop/direct/P40,http://www.wikidata.org/entity/Q75386505,George Darcy
http://www.wikidata.org/entity/Q75883426,Margaret St. Lawrence,p37875.htm#i378747,1455-01-01T00:00:00Z,,,http://www.wikidata.org/prop/direct/P40,http://www.wikidata.org/prop/direct/P40,http://www.wikidata.org/entity/Q75883429,John D'Arcy
http://www.wikidata.org/entity/Q75883426,Margaret St. Lawrence,p37875.htm#i378747,1455-01-01T00:00:00Z,,,http://www.wikidata.org/prop/direct/P40,http://www.wikidata.org/prop/direct/P40,http://www.wikidata.org/entity/Q75883432,Christopher D'Arcy
http://www.wikidata.org/entity/Q75883426,Margaret St. Lawrence,p37875.htm#i378747,1455-01-01T00:00:00Z,,,http://www.wikidata.org/prop/direct/P40,http://www.wikidata.org/prop/direct/P40,http://www.wikidata.org/entity/Q75904192,Eleanor D'Arcy
http://www.wikidata.org/entity/Q75883426,Margaret St. Lawrence,p37875.htm#i378747,1455-01-01T00:00:00Z,,,http://www.wikidata.org/prop/direct/P1819,http://www.wikidata.org/prop/direct/P1819,I00112406,I00112406
http://www.wikidata.org/entity/Q75883426,Margaret St. Lawrence,p37875.htm#i378747,1455-01-01T00:00:00Z,,,http://www.wikidata.org/prop/direct/P2949,http://www.wikidata.org/prop/direct/P2949,St_Lawerance-1,St_Lawerance-1
http://www.wikidata.org/entity/Q75883426,Margaret St. Lawrence,p37875.htm#i378747,1455-01-01T00:00:00Z,,,http://www.wikidata.org/prop/direct/P4638,http://www.wikidata.org/prop/direct/P4638,p37875.htm#i378747,p37875.htm#i378747
http://www.wikidata.org/entity/Q75883426,Margaret St. Lawrence,p37875.htm#i378747,1455-01-01T00:00:00Z,,,http://www.wikidata.org/prop/direct/P569,http://www.wikidata.org/prop/direct/P569,1455-01-01T00:00:00Z,1455-01-01T00:00:00Z
http://www.wikidata.org/entity/Q75883426,Margaret St. Lawrence,p37875.htm#i378747,1455-01-01T00:00:00Z,,,http://www.wikidata.org/prop/direct/P735,http://www.wikidata.org/prop/direct/P735,http://www.wikidata.org/entity/Q4963612,Margaret
http://www.wikidata.org/entity/Q75883821,Sir Thomas de Poynings,p37904.htm#i379036,1300-01-01T00:00:00Z,1339-10-10T00:00:00Z,,http://www.wikidata.org/prop/direct/P21,http://www.wikidata.org/prop/direct/P21,http://www.wikidata.org/entity/Q6581097,male
http://www.wikidata.org/entity/Q75883821,Sir Thomas de Poynings,p37904.htm#i379036,1300-01-01T00:00:00Z,1339-10-10T00:00:00Z,,http://www.wikidata.org/prop/direct/P22,http://www.wikidata.org/prop/direct/P22,http://www.wikidata.org/entity/Q75883895,Sir Michael de Poynings
http://www.wikidata.org/entity/Q75883821,Sir Thomas de Poynings,p37904.htm#i379036,1300-01-01T00:00:00Z,1339-10-10T00:00:00Z,,http://www.wikidata.org/prop/direct/P25,http://www.wikidata.org/prop/direct/P25,http://www.wikidata.org/entity/Q75883902,Margery Bardolf
http://www.wikidata.org/entity/Q75883821,Sir Thomas de Poynings,p37904.htm#i379036,1300-01-01T00:00:00Z,1339-10-10T00:00:00Z,,http://www.wikidata.org/prop/direct/P26,http://www.wikidata.org/prop/direct/P26,http://www.wikidata.org/entity/Q75883822,Agnes de Rokesley
http://www.wikidata.org/entity/Q75883821,Sir Thomas de Poynings,p37904.htm#i379036,1300-01-01T00:00:00Z,1339-10-10T00:00:00Z,,http://www.wikidata.org/prop/direct/P31,http://www.wikidata.org/prop/direct/P31,http://www.wikidata.org/entity/Q5,human
http://www.wikidata.org/entity/Q75883821,Sir Thomas de Poynings,p37904.htm#i379036,1300-01-01T00:00:00Z,1339-10-10T00:00:00Z,,http://www.wikidata.org/prop/direct/P40,http://www.wikidata.org/prop/direct/P40,http://www.wikidata.org/entity/Q6835554,"Michael de Poynings, 1st Baron Poynings"
http://www.wikidata.org/entity/Q75883821,Sir Thomas de Poynings,p37904.htm#i379036,1300-01-01T00:00:00Z,1339-10-10T00:00:00Z,,http://www.wikidata.org/prop/direct/P40,http://www.wikidata.org/prop/direct/P40,http://www.wikidata.org/entity/Q75754916,"Luke de Poynings, Baron St. John"
http://www.wikidata.org/entity/Q75883821,Sir Thomas de Poynings,p37904.htm#i379036,1300-01-01T00:00:00Z,1339-10-10T00:00:00Z,,http://www.wikidata.org/prop/direct/P1819,http://www.wikidata.org/prop/direct/P1819,I00117769,I00117769
http://www.wikidata.org/entity/Q75883821,Sir Thomas de Poynings,p37904.htm#i379036,1300-01-01T00:00:00Z,1339-10-10T00:00:00Z,,http://www.wikidata.org/prop/direct/P2949,http://www.wikidata.org/prop/direct/P2949,Poynings-13,Poynings-13
http://www.wikidata.org/entity/Q75883821,Sir Thomas de Poynings,p37904.htm#i379036,1300-01-01T00:00:00Z,1339-10-10T00:00:00Z,,http://www.wikidata.org/prop/direct/P4638,http://www.wikidata.org/prop/direct/P4638,p37904.htm#i379036,p37904.htm#i379036
http://www.wikidata.org/entity/Q75883821,Sir Thomas de Poynings,p37904.htm#i379036,1300-01-01T00:00:00Z,1339-10-10T00:00:00Z,,http://www.wikidata.org/prop/direct/P511,http://www.wikidata.org/prop/direct/P511,http://www.wikidata.org/entity/Q209690,Sir
http://www.wikidata.org/entity/Q75883821,Sir Thomas de Poynings,p37904.htm#i379036,1300-01-01T00:00:00Z,1339-10-10T00:00:00Z,,http://www.wikidata.org/prop/direct/P569,http://www.wikidata.org/prop/direct/P569,1300-01-01T00:00:00Z,1300-01-01T00:00:00Z
http://www.wikidata.org/entity/Q75883821,Sir Thomas de Poynings,p37904.htm#i379036,1300-01-01T00:00:00Z,1339-10-10T00:00:00Z,,http://www.wikidata.org/prop/direct/P570,http://www.wikidata.org/prop/direct/P570,1339-10-10T00:00:00Z,1339-10-10T00:00:00Z
http://www.wikidata.org/entity/Q75883821,Sir Thomas de Poynings,p37904.htm#i379036,1300-01-01T00:00:00Z,1339-10-10T00:00:00Z,,http://www.wikidata.org/prop/direct/P735,http://www.wikidata.org/prop/direct/P735,http://www.wikidata.org/entity/Q16428906,Thomas
http://www.wikidata.org/entity/Q75883822,Agnes de Rokesley,p37904.htm#i379037,1299-01-01T00:00:00Z,1346-12-22T00:00:00Z,,http://www.wikidata.org/prop/direct/P21,http://www.wikidata.org/prop/direct/P21,http://www.wikidata.org/entity/Q6581072,female
http://www.wikidata.org/entity/Q75883822,Agnes de Rokesley,p37904.htm#i379037,1299-01-01T00:00:00Z,1346-12-22T00:00:00Z,,http://www.wikidata.org/prop/direct/P22,http://www.wikidata.org/prop/direct/P22,http://www.wikidata.org/entity/Q75883823,Richard de Rokesley
http://www.wikidata.org/entity/Q75883822,Agnes de Rokesley,p37904.htm#i379037,1299-01-01T00:00:00Z,1346-12-22T00:00:00Z,,http://www.wikidata.org/prop/direct/P25,http://www.wikidata.org/prop/direct/P25,http://www.wikidata.org/entity/Q75883862,Joan de Criol
http://www.wikidata.org/entity/Q75883822,Agnes de Rokesley,p37904.htm#i379037,1299-01-01T00:00:00Z,1346-12-22T00:00:00Z,,http://www.wikidata.org/prop/direct/P26,http://www.wikidata.org/prop/direct/P26,http://www.wikidata.org/entity/Q75883821,Sir Thomas de Poynings
http://www.wikidata.org/entity/Q75883822,Agnes de Rokesley,p37904.htm#i379037,1299-01-01T00:00:00Z,1346-12-22T00:00:00Z,,http://www.wikidata.org/prop/direct/P31,http://www.wikidata.org/prop/direct/P31,http://www.wikidata.org/entity/Q5,human
http://www.wikidata.org/entity/Q75883822,Agnes de Rokesley,p37904.htm#i379037,1299-01-01T00:00:00Z,1346-12-22T00:00:00Z,,http://www.wikidata.org/prop/direct/P40,http://www.wikidata.org/prop/direct/P40,http://www.wikidata.org/entity/Q6835554,"Michael de Poynings, 1st Baron Poynings"
http://www.wikidata.org/entity/Q75883822,Agnes de Rokesley,p37904.htm#i379037,1299-01-01T00:00:00Z,1346-12-22T00:00:00Z,,http://www.wikidata.org/prop/direct/P40,http://www.wikidata.org/prop/direct/P40,http://www.wikidata.org/entity/Q75754916,"Luke de Poynings, Baron St. John"
http://www.wikidata.org/entity/Q75883822,Agnes de Rokesley,p37904.htm#i379037,1299-01-01T00:00:00Z,1346-12-22T00:00:00Z,,http://www.wikidata.org/prop/direct/P1819,http://www.wikidata.org/prop/direct/P1819,I00117770,I00117770
http://www.wikidata.org/entity/Q75883822,Agnes de Rokesley,p37904.htm#i379037,1299-01-01T00:00:00Z,1346-12-22T00:00:00Z,,http://www.wikidata.org/prop/direct/P2949,http://www.wikidata.org/prop/direct/P2949,Rokesley-6,Rokesley-6
http://www.wikidata.org/entity/Q75883822,Agnes de Rokesley,p37904.htm#i379037,1299-01-01T00:00:00Z,1346-12-22T00:00:00Z,,http://www.wikidata.org/prop/direct/P4638,http://www.wikidata.org/prop/direct/P4638,p37904.htm#i379037,p37904.htm#i379037
http://www.wikidata.org/entity/Q75883822,Agnes de Rokesley,p37904.htm#i379037,1299-01-01T00:00:00Z,1346-12-22T00:00:00Z,,http://www.wikidata.org/prop/direct/P569,http://www.wikidata.org/prop/direct/P569,1299-01-01T00:00:00Z,1299-01-01T00:00:00Z
http://www.wikidata.org/entity/Q75883822,Agnes de Rokesley,p37904.htm#i379037,1299-01-01T00:00:00Z,1346-12-22T00:00:00Z,,http://www.wikidata.org/prop/direct/P570,http://www.wikidata.org/prop/direct/P570,1346-12-22T00:00:00Z,1346-12-22T00:00:00Z
http://www.wikidata.org/entity/Q75883822,Agnes de Rokesley,p37904.htm#i379037,1299-01-01T00:00:00Z,1346-12-22T00:00:00Z,,http://www.wikidata.org/prop/direct/P735,http://www.wikidata.org/prop/direct/P735,http://www.wikidata.org/entity/Q394431,Agnes
http://www.wikidata.org/entity/Q75883823,Richard de Rokesley,p37904.htm#i379038,1275-01-01T00:00:00Z,1321-01-01T00:00:00Z,,http://www.wikidata.org/prop/direct/P21,http://www.wikidata.org/prop/direct/P21,http://www.wikidata.org/entity/Q6581097,male
http://www.wikidata.org/entity/Q75883823,Richard de Rokesley,p37904.htm#i379038,1275-01-01T00:00:00Z,1321-01-01T00:00:00Z,,http://www.wikidata.org/prop/direct/P26,http://www.wikidata.org/prop/direct/P26,http://www.wikidata.org/entity/Q75883862,Joan de Criol
http://www.wikidata.org/entity/Q75883823,Richard de Rokesley,p37904.htm#i379038,1275-01-01T00:00:00Z,1321-01-01T00:00:00Z,,http://www.wikidata.org/prop/direct/P31,http://www.wikidata.org/prop/direct/P31,http://www.wikidata.org/entity/Q5,human
http://www.wikidata.org/entity/Q75883823,Richard de Rokesley,p37904.htm#i379038,1275-01-01T00:00:00Z,1321-01-01T00:00:00Z,,http://www.wikidata.org/prop/direct/P40,http://www.wikidata.org/prop/direct/P40,http://www.wikidata.org/entity/Q75883822,Agnes de Rokesley
http://www.wikidata.org/entity/Q75883823,Richard de Rokesley,p37904.htm#i379038,1275-01-01T00:00:00Z,1321-01-01T00:00:00Z,,http://www.wikidata.org/prop/direct/P1819,http://www.wikidata.org/prop/direct/P1819,I00117771,I00117771
http://www.wikidata.org/entity/Q75883823,Richard de Rokesley,p37904.htm#i379038,1275-01-01T00:00:00Z,1321-01-01T00:00:00Z,,http://www.wikidata.org/prop/direct/P2949,http://www.wikidata.org/prop/direct/P2949,Rokesley-3,Rokesley-3
http://www.wikidata.org/entity/Q75883823,Richard de Rokesley,p37904.htm#i379038,1275-01-01T00:00:00Z,1321-01-01T00:00:00Z,,http://www.wikidata.org/prop/direct/P4638,http://www.wikidata.org/prop/direct/P4638,p37904.htm#i379038,p37904.htm#i379038
http://www.wikidata.org/entity/Q75883823,Richard de Rokesley,p37904.htm#i379038,1275-01-01T00:00:00Z,1321-01-01T00:00:00Z,,http://www.wikidata.org/prop/direct/P569,http://www.wikidata.org/prop/direct/P569,1275-01-01T00:00:00Z,1275-01-01T00:00:00Z
http://www.wikidata.org/entity/Q75883823,Richard de Rokesley,p37904.htm#i379038,1275-01-01T00:00:00Z,1321-01-01T00:00:00Z,,http://www.wikidata.org/prop/direct/P570,http://www.wikidata.org/prop/direct/P570,1321-01-01T00:00:00Z,1321-01-01T00:00:00Z
http://www.wikidata.org/entity/Q75883823,Richard de Rokesley,p37904.htm#i379038,1275-01-01T00:00:00Z,1321-01-01T00:00:00Z,,http://www.wikidata.org/prop/direct/P735,http://www.wikidata.org/prop/direct/P735,http://www.wikidata.org/entity/Q1249148,Richard
http://www.wikidata.org/entity/Q75883862,Joan de Criol,p37907.htm#i379065,1271-01-01T00:00:00Z,1323-03-18T00:00:00Z,,http://www.wikidata.org/prop/direct/P21,http://www.wikidata.org/prop/direct/P21,http://www.wikidata.org/entity/Q6581072,female
http://www.wikidata.org/entity/Q75883862,Joan de Criol,p37907.htm#i379065,1271-01-01T00:00:00Z,1323-03-18T00:00:00Z,,http://www.wikidata.org/prop/direct/P22,http://www.wikidata.org/prop/direct/P22,http://www.wikidata.org/entity/Q75883875,Betrram de Criol
http://www.wikidata.org/entity/Q75883862,Joan de Criol,p37907.htm#i379065,1271-01-01T00:00:00Z,1323-03-18T00:00:00Z,,http://www.wikidata.org/prop/direct/P25,http://www.wikidata.org/prop/direct/P25,http://www.wikidata.org/entity/Q75883892,Eleanor d'Avranches
http://www.wikidata.org/entity/Q75883862,Joan de Criol,p37907.htm#i379065,1271-01-01T00:00:00Z,1323-03-18T00:00:00Z,,http://www.wikidata.org/prop/direct/P26,http://www.wikidata.org/prop/direct/P26,http://www.wikidata.org/entity/Q75883823,Richard de Rokesley
http://www.wikidata.org/entity/Q75883862,Joan de Criol,p37907.htm#i379065,1271-01-01T00:00:00Z,1323-03-18T00:00:00Z,,http://www.wikidata.org/prop/direct/P31,http://www.wikidata.org/prop/direct/P31,http://www.wikidata.org/entity/Q5,human
http://www.wikidata.org/entity/Q75883862,Joan de Criol,p37907.htm#i379065,1271-01-01T00:00:00Z,1323-03-18T00:00:00Z,,http://www.wikidata.org/prop/direct/P40,http://www.wikidata.org/prop/direct/P40,http://www.wikidata.org/entity/Q75883822,Agnes de Rokesley
http://www.wikidata.org/entity/Q75883862,Joan de Criol,p37907.htm#i379065,1271-01-01T00:00:00Z,1323-03-18T00:00:00Z,,http://www.wikidata.org/prop/direct/P1819,http://www.wikidata.org/prop/direct/P1819,I00117772,I00117772
http://www.wikidata.org/entity/Q75883862,Joan de Criol,p37907.htm#i379065,1271-01-01T00:00:00Z,1323-03-18T00:00:00Z,,http://www.wikidata.org/prop/direct/P2949,http://www.wikidata.org/prop/direct/P2949,Criol-10,Criol-10
http://www.wikidata.org/entity/Q75883862,Joan de Criol,p37907.htm#i379065,1271-01-01T00:00:00Z,1323-03-18T00:00:00Z,,http://www.wikidata.org/prop/direct/P4638,http://www.wikidata.org/prop/direct/P4638,p37907.htm#i379065,p37907.htm#i379065
http://www.wikidata.org/entity/Q75883862,Joan de Criol,p37907.htm#i379065,1271-01-01T00:00:00Z,1323-03-18T00:00:00Z,,http://www.wikidata.org/prop/direct/P569,http://www.wikidata.org/prop/direct/P569,1271-01-01T00:00:00Z,1271-01-01T00:00:00Z
http://www.wikidata.org/entity/Q75883862,Joan de Criol,p37907.htm#i379065,1271-01-01T00:00:00Z,1323-03-18T00:00:00Z,,http://www.wikidata.org/prop/direct/P570,http://www.wikidata.org/prop/direct/P570,1323-03-18T00:00:00Z,1323-03-18T00:00:00Z
http://www.wikidata.org/entity/Q75883862,Joan de Criol,p37907.htm#i379065,1271-01-01T00:00:00Z,1323-03-18T00:00:00Z,,http://www.wikidata.org/prop/direct/P735,http://www.wikidata.org/prop/direct/P735,http://www.wikidata.org/entity/Q1484457,Joan
http://www.wikidata.org/entity/Q75883873,Blanche de la Pole,p37908.htm#i379073,1328-01-01T00:00:00Z,1378-01-01T00:00:00Z,,http://www.wikidata.org/prop/direct/P21,http://www.wikidata.org/prop/direct/P21,http://www.wikidata.org/entity/Q6581072,female
http://www.wikidata.org/entity/Q75883873,Blanche de la Pole,p37908.htm#i379073,1328-01-01T00:00:00Z,1378-01-01T00:00:00Z,,http://www.wikidata.org/prop/direct/P22,http://www.wikidata.org/prop/direct/P22,http://www.wikidata.org/entity/Q2581176,William de la Pole
http://www.wikidata.org/entity/Q75883873,Blanche de la Pole,p37908.htm#i379073,1328-01-01T00:00:00Z,1378-01-01T00:00:00Z,,http://www.wikidata.org/prop/direct/P25,http://www.wikidata.org/prop/direct/P25,http://www.wikidata.org/entity/Q61896183,Katherine Norwich
http://www.wikidata.org/entity/Q75883873,Blanche de la Pole,p37908.htm#i379073,1328-01-01T00:00:00Z,1378-01-01T00:00:00Z,,http://www.wikidata.org/prop/direct/P26,http://www.wikidata.org/prop/direct/P26,http://www.wikidata.org/entity/Q7330227,"Richard le Scrope, 1st Baron Scrope of Bolton"
http://www.wikidata.org/entity/Q75883873,Blanche de la Pole,p37908.htm#i379073,1328-01-01T00:00:00Z,1378-01-01T00:00:00Z,,http://www.wikidata.org/prop/direct/P31,http://www.wikidata.org/prop/direct/P31,http://www.wikidata.org/entity/Q5,human
http://www.wikidata.org/entity/Q75883873,Blanche de la Pole,p37908.htm#i379073,1328-01-01T00:00:00Z,1378-01-01T00:00:00Z,,http://www.wikidata.org/prop/direct/P40,http://www.wikidata.org/prop/direct/P40,http://www.wikidata.org/entity/Q130339483,"Sir Stephen Scrope, Lord of Bentley & Castle Combe"
http://www.wikidata.org/entity/Q75883873,Blanche de la Pole,p37908.htm#i379073,1328-01-01T00:00:00Z,1378-01-01T00:00:00Z,,http://www.wikidata.org/prop/direct/P40,http://www.wikidata.org/prop/direct/P40,http://www.wikidata.org/entity/Q2042185,"William le Scrope, 1st Earl of Wiltshire"
http://www.wikidata.org/entity/Q75883873,Blanche de la Pole,p37908.htm#i379073,1328-01-01T00:00:00Z,1378-01-01T00:00:00Z,,http://www.wikidata.org/prop/direct/P40,http://www.wikidata.org/prop/direct/P40,http://www.wikidata.org/entity/Q27493862,"Roger Scrope, 2nd Baron Scrope of Bolton"
http://www.wikidata.org/entity/Q75883873,Blanche de la Pole,p37908.htm#i379073,1328-01-01T00:00:00Z,1378-01-01T00:00:00Z,,http://www.wikidata.org/prop/direct/P1819,http://www.wikidata.org/prop/direct/P1819,I00304759,I00304759
http://www.wikidata.org/entity/Q75883873,Blanche de la Pole,p37908.htm#i379073,1328-01-01T00:00:00Z,1378-01-01T00:00:00Z,,http://www.wikidata.org/prop/direct/P2949,http://www.wikidata.org/prop/direct/P2949,Pole-41,Pole-41
http://www.wikidata.org/entity/Q75883873,Blanche de la Pole,p37908.htm#i379073,1328-01-01T00:00:00Z,1378-01-01T00:00:00Z,,http://www.wikidata.org/prop/direct/P4638,http://www.wikidata.org/prop/direct/P4638,p37908.htm#i379073,p37908.htm#i379073
http://www.wikidata.org/entity/Q75883873,Blanche de la Pole,p37908.htm#i379073,1328-01-01T00:00:00Z,1378-01-01T00:00:00Z,,http://www.wikidata.org/prop/direct/P569,http://www.wikidata.org/prop/direct/P569,1328-01-01T00:00:00Z,1328-01-01T00:00:00Z
http://www.wikidata.org/entity/Q75883873,Blanche de la Pole,p37908.htm#i379073,1328-01-01T00:00:00Z,1378-01-01T00:00:00Z,,http://www.wikidata.org/prop/direct/P570,http://www.wikidata.org/prop/direct/P570,1378-01-01T00:00:00Z,1378-01-01T00:00:00Z
http://www.wikidata.org/entity/Q75883873,Blanche de la Pole,p37908.htm#i379073,1328-01-01T00:00:00Z,1378-01-01T00:00:00Z,,http://www.wikidata.org/prop/direct/P735,http://www.wikidata.org/prop/direct/P735,http://www.wikidata.org/entity/Q881391,Blanche
http://www.wikidata.org/entity/Q75883875,Betrram de Criol,p37908.htm#i379075,1236-01-01T00:00:00Z,1295-02-26T00:00:00Z,,http://www.wikidata.org/prop/direct/P21,http://www.wikidata.org/prop/direct/P21,http://www.wikidata.org/entity/Q6581097,male
http://www.wikidata.org/entity/Q75883875,Betrram de Criol,p37908.htm#i379075,1236-01-01T00:00:00Z,1295-02-26T00:00:00Z,,http://www.wikidata.org/prop/direct/P26,http://www.wikidata.org/prop/direct/P26,http://www.wikidata.org/entity/Q75883892,Eleanor d'Avranches
http://www.wikidata.org/entity/Q75883875,Betrram de Criol,p37908.htm#i379075,1236-01-01T00:00:00Z,1295-02-26T00:00:00Z,,http://www.wikidata.org/prop/direct/P31,http://www.wikidata.org/prop/direct/P31,http://www.wikidata.org/entity/Q5,human
http://www.wikidata.org/entity/Q75883875,Betrram de Criol,p37908.htm#i379075,1236-01-01T00:00:00Z,1295-02-26T00:00:00Z,,http://www.wikidata.org/prop/direct/P40,http://www.wikidata.org/prop/direct/P40,http://www.wikidata.org/entity/Q75883862,Joan de Criol
http://www.wikidata.org/entity/Q75883875,Betrram de Criol,p37908.htm#i379075,1236-01-01T00:00:00Z,1295-02-26T00:00:00Z,,http://www.wikidata.org/prop/direct/P2949,http://www.wikidata.org/prop/direct/P2949,Criol-9,Criol-9
http://www.wikidata.org/entity/Q75883875,Betrram de Criol,p37908.htm#i379075,1236-01-01T00:00:00Z,1295-02-26T00:00:00Z,,http://www.wikidata.org/prop/direct/P4638,http://www.wikidata.org/prop/direct/P4638,p37908.htm#i379075,p37908.htm#i379075
http://www.wikidata.org/entity/Q75883875,Betrram de Criol,p37908.htm#i379075,1236-01-01T00:00:00Z,1295-02-26T00:00:00Z,,http://www.wikidata.org/prop/direct/P569,http://www.wikidata.org/prop/direct/P569,1236-01-01T00:00:00Z,1236-01-01T00:00:00Z
http://www.wikidata.org/entity/Q75883875,Betrram de Criol,p37908.htm#i379075,1236-01-01T00:00:00Z,1295-02-26T00:00:00Z,,http://www.wikidata.org/prop/direct/P570,http://www.wikidata.org/prop/direct/P570,1295-02-26T00:00:00Z,1295-02-26T00:00:00Z
http://www.wikidata.org/entity/Q75883895,Sir Michael de Poynings,p37910.htm#i379092,1273-01-01T00:00:00Z,1314-06-24T00:00:00Z,,http://www.wikidata.org/prop/direct/P21,http://www.wikidata.org/prop/direct/P21,http://www.wikidata.org/entity/Q6581097,male
http://www.wikidata.org/entity/Q75883895,Sir Michael de Poynings,p37910.htm#i379092,1273-01-01T00:00:00Z,1314-06-24T00:00:00Z,,http://www.wikidata.org/prop/direct/P22,http://www.wikidata.org/prop/direct/P22,http://www.wikidata.org/entity/Q75883903,Sir Luke de Poynings
http://www.wikidata.org/entity/Q75883895,Sir Michael de Poynings,p37910.htm#i379092,1273-01-01T00:00:00Z,1314-06-24T00:00:00Z,,http://www.wikidata.org/prop/direct/P25,http://www.wikidata.org/prop/direct/P25,http://www.wikidata.org/entity/Q75883905,Hawise de Vautort
http://www.wikidata.org/entity/Q75883895,Sir Michael de Poynings,p37910.htm#i379092,1273-01-01T00:00:00Z,1314-06-24T00:00:00Z,,http://www.wikidata.org/prop/direct/P26,http://www.wikidata.org/prop/direct/P26,http://www.wikidata.org/entity/Q75883902,Margery Bardolf
http://www.wikidata.org/entity/Q75883895,Sir Michael de Poynings,p37910.htm#i379092,1273-01-01T00:00:00Z,1314-06-24T00:00:00Z,,http://www.wikidata.org/prop/direct/P31,http://www.wikidata.org/prop/direct/P31,http://www.wikidata.org/entity/Q5,human
http://www.wikidata.org/entity/Q75883895,Sir Michael de Poynings,p37910.htm#i379092,1273-01-01T00:00:00Z,1314-06-24T00:00:00Z,,http://www.wikidata.org/prop/direct/P40,http://www.wikidata.org/prop/direct/P40,http://www.wikidata.org/entity/Q112573825,Margery de Poynings
http://www.wikidata.org/entity/Q75883895,Sir Michael de Poynings,p37910.htm#i379092,1273-01-01T00:00:00Z,1314-06-24T00:00:00Z,,http://www.wikidata.org/prop/direct/P40,http://www.wikidata.org/prop/direct/P40,http://www.wikidata.org/entity/Q75883821,Sir Thomas de Poynings
http://www.wikidata.org/entity/Q75883895,Sir Michael de Poynings,p37910.htm#i379092,1273-01-01T00:00:00Z,1314-06-24T00:00:00Z,,http://www.wikidata.org/prop/direct/P1819,http://www.wikidata.org/prop/direct/P1819,I00117767,I00117767
http://www.wikidata.org/entity/Q75883895,Sir Michael de Poynings,p37910.htm#i379092,1273-01-01T00:00:00Z,1314-06-24T00:00:00Z,,http://www.wikidata.org/prop/direct/P2949,http://www.wikidata.org/prop/direct/P2949,Poynings-55,Poynings-55
http://www.wikidata.org/entity/Q75883895,Sir Michael de Poynings,p37910.htm#i379092,1273-01-01T00:00:00Z,1314-06-24T00:00:00Z,,http://www.wikidata.org/prop/direct/P4638,http://www.wikidata.org/prop/direct/P4638,p37910.htm#i379092,p37910.htm#i379092
http://www.wikidata.org/entity/Q75883895,Sir Michael de Poynings,p37910.htm#i379092,1273-01-01T00:00:00Z,1314-06-24T00:00:00Z,,http://www.wikidata.org/prop/direct/P511,http://www.wikidata.org/prop/direct/P511,http://www.wikidata.org/entity/Q209690,Sir
http://www.wikidata.org/entity/Q75883895,Sir Michael de Poynings,p37910.htm#i379092,1273-01-01T00:00:00Z,1314-06-24T00:00:00Z,,http://www.wikidata.org/prop/direct/P569,http://www.wikidata.org/prop/direct/P569,1273-01-01T00:00:00Z,1273-01-01T00:00:00Z
http://www.wikidata.org/entity/Q75883895,Sir Michael de Poynings,p37910.htm#i379092,1273-01-01T00:00:00Z,1314-06-24T00:00:00Z,,http://www.wikidata.org/prop/direct/P570,http://www.wikidata.org/prop/direct/P570,1314-06-24T00:00:00Z,1314-06-24T00:00:00Z
http://www.wikidata.org/entity/Q75883895,Sir Michael de Poynings,p37910.htm#i379092,1273-01-01T00:00:00Z,1314-06-24T00:00:00Z,,http://www.wikidata.org/prop/direct/P735,http://www.wikidata.org/prop/direct/P735,http://www.wikidata.org/entity/Q4927524,Michael
http://www.wikidata.org/entity/Q75883902,Margery Bardolf,p37910.htm#i379098,1283-01-01T00:00:00Z,,,http://www.wikidata.org/prop/direct/P21,http://www.wikidata.org/prop/direct/P21,http://www.wikidata.org/entity/Q6581072,female
http://www.wikidata.org/entity/Q75883902,Margery Bardolf,p37910.htm#i379098,1283-01-01T00:00:00Z,,,http://www.wikidata.org/prop/direct/P26,http://www.wikidata.org/prop/direct/P26,http://www.wikidata.org/entity/Q75883895,Sir Michael de Poynings
http://www.wikidata.org/entity/Q75883902,Margery Bardolf,p37910.htm#i379098,1283-01-01T00:00:00Z,,,http://www.wikidata.org/prop/direct/P31,http://www.wikidata.org/prop/direct/P31,http://www.wikidata.org/entity/Q5,human
http://www.wikidata.org/entity/Q75883902,Margery Bardolf,p37910.htm#i379098,1283-01-01T00:00:00Z,,,http://www.wikidata.org/prop/direct/P40,http://www.wikidata.org/prop/direct/P40,http://www.wikidata.org/entity/Q112573825,Margery de Poynings
http://www.wikidata.org/entity/Q75883902,Margery Bardolf,p37910.htm#i379098,1283-01-01T00:00:00Z,,,http://www.wikidata.org/prop/direct/P40,http://www.wikidata.org/prop/direct/P40,http://www.wikidata.org/entity/Q75883821,Sir Thomas de Poynings
http://www.wikidata.org/entity/Q75883902,Margery Bardolf,p37910.htm#i379098,1283-01-01T00:00:00Z,,,http://www.wikidata.org/prop/direct/P1819,http://www.wikidata.org/prop/direct/P1819,I00668551,I00668551
http://www.wikidata.org/entity/Q75883902,Margery Bardolf,p37910.htm#i379098,1283-01-01T00:00:00Z,,,http://www.wikidata.org/prop/direct/P2949,http://www.wikidata.org/prop/direct/P2949,Bardolf-11,Bardolf-11
http://www.wikidata.org/entity/Q75883902,Margery Bardolf,p37910.htm#i379098,1283-01-01T00:00:00Z,,,http://www.wikidata.org/prop/direct/P4638,http://www.wikidata.org/prop/direct/P4638,p37910.htm#i379098,p37910.htm#i379098
http://www.wikidata.org/entity/Q75883902,Margery Bardolf,p37910.htm#i379098,1283-01-01T00:00:00Z,,,http://www.wikidata.org/prop/direct/P569,http://www.wikidata.org/prop/direct/P569,1283-01-01T00:00:00Z,1283-01-01T00:00:00Z
http://www.wikidata.org/entity/Q75883902,Margery Bardolf,p37910.htm#i379098,1283-01-01T00:00:00Z,,,http://www.wikidata.org/prop/direct/P734,http://www.wikidata.org/prop/direct/P734,http://www.wikidata.org/entity/Q83340547,Bardolf
http://www.wikidata.org/entity/Q75883902,Margery Bardolf,p37910.htm#i379098,1283-01-01T00:00:00Z,,,http://www.wikidata.org/prop/direct/P735,http://www.wikidata.org/prop/direct/P735,http://www.wikidata.org/entity/Q1776470,Margery
http://www.wikidata.org/entity/Q75883903,Sir Luke de Poynings,p37910.htm#i379099,1231-09-01T00:00:00Z,1294-06-08T00:00:00Z,,http://www.wikidata.org/prop/direct/P21,http://www.wikidata.org/prop/direct/P21,http://www.wikidata.org/entity/Q6581097,male
http://www.wikidata.org/entity/Q75883903,Sir Luke de Poynings,p37910.htm#i379099,1231-09-01T00:00:00Z,1294-06-08T00:00:00Z,,http://www.wikidata.org/prop/direct/P22,http://www.wikidata.org/prop/direct/P22,http://www.wikidata.org/entity/Q75883910,Sir Thomas de Poynings
http://www.wikidata.org/entity/Q75883903,Sir Luke de Poynings,p37910.htm#i379099,1231-09-01T00:00:00Z,1294-06-08T00:00:00Z,,http://www.wikidata.org/prop/direct/P25,http://www.wikidata.org/prop/direct/P25,http://www.wikidata.org/entity/Q75883911,Ela Aiguillon
http://www.wikidata.org/entity/Q75883903,Sir Luke de Poynings,p37910.htm#i379099,1231-09-01T00:00:00Z,1294-06-08T00:00:00Z,,http://www.wikidata.org/prop/direct/P26,http://www.wikidata.org/prop/direct/P26,http://www.wikidata.org/entity/Q75883905,Hawise de Vautort
http://www.wikidata.org/entity/Q75883903,Sir Luke de Poynings,p37910.htm#i379099,1231-09-01T00:00:00Z,1294-06-08T00:00:00Z,,http://www.wikidata.org/prop/direct/P31,http://www.wikidata.org/prop/direct/P31,http://www.wikidata.org/entity/Q5,human
http://www.wikidata.org/entity/Q75883903,Sir Luke de Poynings,p37910.htm#i379099,1231-09-01T00:00:00Z,1294-06-08T00:00:00Z,,http://www.wikidata.org/prop/direct/P40,http://www.wikidata.org/prop/direct/P40,http://www.wikidata.org/entity/Q75883895,Sir Michael de Poynings
http://www.wikidata.org/entity/Q75883903,Sir Luke de Poynings,p37910.htm#i379099,1231-09-01T00:00:00Z,1294-06-08T00:00:00Z,,http://www.wikidata.org/prop/direct/P2949,http://www.wikidata.org/prop/direct/P2949,Poynings-54,Poynings-54
http://www.wikidata.org/entity/Q75883903,Sir Luke de Poynings,p37910.htm#i379099,1231-09-01T00:00:00Z,1294-06-08T00:00:00Z,,http://www.wikidata.org/prop/direct/P4638,http://www.wikidata.org/prop/direct/P4638,p37910.htm#i379099,p37910.htm#i379099
http://www.wikidata.org/entity/Q75883903,Sir Luke de Poynings,p37910.htm#i379099,1231-09-01T00:00:00Z,1294-06-08T00:00:00Z,,http://www.wikidata.org/prop/direct/P511,http://www.wikidata.org/prop/direct/P511,http://www.wikidata.org/entity/Q209690,Sir
http://www.wikidata.org/entity/Q75883903,Sir Luke de Poynings,p37910.htm#i379099,1231-09-01T00:00:00Z,1294-06-08T00:00:00Z,,http://www.wikidata.org/prop/direct/P569,http://www.wikidata.org/prop/direct/P569,1231-09-01T00:00:00Z,1231-09-01T00:00:00Z
http://www.wikidata.org/entity/Q75883903,Sir Luke de Poynings,p37910.htm#i379099,1231-09-01T00:00:00Z,1294-06-08T00:00:00Z,,http://www.wikidata.org/prop/direct/P570,http://www.wikidata.org/prop/direct/P570,1294-06-08T00:00:00Z,1294-06-08T00:00:00Z
http://www.wikidata.org/entity/Q75883910,Sir Thomas de Poynings,p37911.htm#i379103,1202-01-01T00:00:00Z,,,http://www.wikidata.org/prop/direct/P21,http://www.wikidata.org/prop/direct/P21,http://www.wikidata.org/entity/Q6581097,male
http://www.wikidata.org/entity/Q75883910,Sir Thomas de Poynings,p37911.htm#i379103,1202-01-01T00:00:00Z,,,http://www.wikidata.org/prop/direct/P22,http://www.wikidata.org/prop/direct/P22,http://www.wikidata.org/entity/Q75885015,Michael de Poynings
http://www.wikidata.org/entity/Q75883910,Sir Thomas de Poynings,p37911.htm#i379103,1202-01-01T00:00:00Z,,,http://www.wikidata.org/prop/direct/P25,http://www.wikidata.org/prop/direct/P25,http://www.wikidata.org/entity/Q75885022,Margaret (?)
http://www.wikidata.org/entity/Q75883910,Sir Thomas de Poynings,p37911.htm#i379103,1202-01-01T00:00:00Z,,,http://www.wikidata.org/prop/direct/P26,http://www.wikidata.org/prop/direct/P26,http://www.wikidata.org/entity/Q75883911,Ela Aiguillon
http://www.wikidata.org/entity/Q75883910,Sir Thomas de Poynings,p37911.htm#i379103,1202-01-01T00:00:00Z,,,http://www.wikidata.org/prop/direct/P31,http://www.wikidata.org/prop/direct/P31,http://www.wikidata.org/entity/Q5,human
http://www.wikidata.org/entity/Q75883910,Sir Thomas de Poynings,p37911.htm#i379103,1202-01-01T00:00:00Z,,,http://www.wikidata.org/prop/direct/P40,http://www.wikidata.org/prop/direct/P40,http://www.wikidata.org/entity/Q75883903,Sir Luke de Poynings
http://www.wikidata.org/entity/Q75883910,Sir Thomas de Poynings,p37911.htm#i379103,1202-01-01T00:00:00Z,,,http://www.wikidata.org/prop/direct/P2949,http://www.wikidata.org/prop/direct/P2949,Poynings-53,Poynings-53
http://www.wikidata.org/entity/Q75883910,Sir Thomas de Poynings,p37911.htm#i379103,1202-01-01T00:00:00Z,,,http://www.wikidata.org/prop/direct/P4638,http://www.wikidata.org/prop/direct/P4638,p37911.htm#i379103,p37911.htm#i379103
http://www.wikidata.org/entity/Q75883910,Sir Thomas de Poynings,p37911.htm#i379103,1202-01-01T00:00:00Z,,,http://www.wikidata.org/prop/direct/P511,http://www.wikidata.org/prop/direct/P511,http://www.wikidata.org/entity/Q209690,Sir
http://www.wikidata.org/entity/Q75883910,Sir Thomas de Poynings,p37911.htm#i379103,1202-01-01T00:00:00Z,,,http://www.wikidata.org/prop/direct/P569,http://www.wikidata.org/prop/direct/P569,1202-01-01T00:00:00Z,1202-01-01T00:00:00Z
http://www.wikidata.org/entity/Q75883910,Sir Thomas de Poynings,p37911.htm#i379103,1202-01-01T00:00:00Z,,,http://www.wikidata.org/prop/direct/P735,http://www.wikidata.org/prop/direct/P735,http://www.wikidata.org/entity/Q16428906,Thomas
http://www.wikidata.org/entity/Q75883911,Ela Aiguillon,p37911.htm#i379104,1208-01-01T00:00:00Z,,,http://www.wikidata.org/prop/direct/P21,http://www.wikidata.org/prop/direct/P21,http://www.wikidata.org/entity/Q6581072,female
http://www.wikidata.org/entity/Q75883911,Ela Aiguillon,p37911.htm#i379104,1208-01-01T00:00:00Z,,,http://www.wikidata.org/prop/direct/P22,http://www.wikidata.org/prop/direct/P22,http://www.wikidata.org/entity/Q75260875,Sir Robert Aiguillon
http://www.wikidata.org/entity/Q75883911,Ela Aiguillon,p37911.htm#i379104,1208-01-01T00:00:00Z,,,http://www.wikidata.org/prop/direct/P25,http://www.wikidata.org/prop/direct/P25,http://www.wikidata.org/entity/Q75884669,Margery (?)
http://www.wikidata.org/entity/Q75883911,Ela Aiguillon,p37911.htm#i379104,1208-01-01T00:00:00Z,,,http://www.wikidata.org/prop/direct/P26,http://www.wikidata.org/prop/direct/P26,http://www.wikidata.org/entity/Q75883910,Sir Thomas de Poynings
http://www.wikidata.org/entity/Q75883911,Ela Aiguillon,p37911.htm#i379104,1208-01-01T00:00:00Z,,,http://www.wikidata.org/prop/direct/P31,http://www.wikidata.org/prop/direct/P31,http://www.wikidata.org/entity/Q5,human
http://www.wikidata.org/entity/Q75883911,Ela Aiguillon,p37911.htm#i379104,1208-01-01T00:00:00Z,,,http://www.wikidata.org/prop/direct/P40,http://www.wikidata.org/prop/direct/P40,http://www.wikidata.org/entity/Q75883903,Sir Luke de Poynings
http://www.wikidata.org/entity/Q75883911,Ela Aiguillon,p37911.htm#i379104,1208-01-01T00:00:00Z,,,http://www.wikidata.org/prop/direct/P2949,http://www.wikidata.org/prop/direct/P2949,Aguillon-15,Aguillon-15
http://www.wikidata.org/entity/Q75883911,Ela Aiguillon,p37911.htm#i379104,1208-01-01T00:00:00Z,,,http://www.wikidata.org/prop/direct/P4638,http://www.wikidata.org/prop/direct/P4638,p37911.htm#i379104,p37911.htm#i379104
http://www.wikidata.org/entity/Q75883911,Ela Aiguillon,p37911.htm#i379104,1208-01-01T00:00:00Z,,,http://www.wikidata.org/prop/direct/P569,http://www.wikidata.org/prop/direct/P569,1208-01-01T00:00:00Z,1208-01-01T00:00:00Z
http://www.wikidata.org/entity/Q75883911,Ela Aiguillon,p37911.htm#i379104,1208-01-01T00:00:00Z,,,http://www.wikidata.org/prop/direct/P734,http://www.wikidata.org/prop/direct/P734,http://www.wikidata.org/entity/Q112600388,Q112600388
http://www.wikidata.org/entity/Q75884669,Margery (?),p37970.htm#i379692,1182-01-01T00:00:00Z,,,http://www.wikidata.org/prop/direct/P21,http://www.wikidata.org/prop/direct/P21,http://www.wikidata.org/entity/Q6581072,female
http://www.wikidata.org/entity/Q75884669,Margery (?),p37970.htm#i379692,1182-01-01T00:00:00Z,,,http://www.wikidata.org/prop/direct/P26,http://www.wikidata.org/prop/direct/P26,http://www.wikidata.org/entity/Q75260875,Sir Robert Aiguillon
http://www.wikidata.org/entity/Q75884669,Margery (?),p37970.htm#i379692,1182-01-01T00:00:00Z,,,http://www.wikidata.org/prop/direct/P31,http://www.wikidata.org/prop/direct/P31,http://www.wikidata.org/entity/Q5,human
http://www.wikidata.org/entity/Q75884669,Margery (?),p37970.htm#i379692,1182-01-01T00:00:00Z,,,http://www.wikidata.org/prop/direct/P40,http://www.wikidata.org/prop/direct/P40,http://www.wikidata.org/entity/Q75883911,Ela Aiguillon
http://www.wikidata.org/entity/Q75884669,Margery (?),p37970.htm#i379692,1182-01-01T00:00:00Z,,,http://www.wikidata.org/prop/direct/P2949,http://www.wikidata.org/prop/direct/P2949,Fresney-2,Fresney-2
http://www.wikidata.org/entity/Q75884669,Margery (?),p37970.htm#i379692,1182-01-01T00:00:00Z,,,http://www.wikidata.org/prop/direct/P4638,http://www.wikidata.org/prop/direct/P4638,p37970.htm#i379692,p37970.htm#i379692
http://www.wikidata.org/entity/Q75884669,Margery (?),p37970.htm#i379692,1182-01-01T00:00:00Z,,,http://www.wikidata.org/prop/direct/P569,http://www.wikidata.org/prop/direct/P569,1182-01-01T00:00:00Z,1182-01-01T00:00:00Z
http://www.wikidata.org/entity/Q75885015,Michael de Poynings,p37995.htm#i379949,1160-01-01T00:00:00Z,http://www.wikidata.org/.well-known/genid/593ebcd685eb868c6de68edd87a48fe5,,http://www.wikidata.org/prop/direct/P21,http://www.wikidata.org/prop/direct/P21,http://www.wikidata.org/entity/Q6581097,male
http://www.wikidata.org/entity/Q75885015,Michael de Poynings,p37995.htm#i379949,1160-01-01T00:00:00Z,http://www.wikidata.org/.well-known/genid/593ebcd685eb868c6de68edd87a48fe5,,http://www.wikidata.org/prop/direct/P22,http://www.wikidata.org/prop/direct/P22,http://www.wikidata.org/entity/Q75885024,Adam de Poynings
http://www.wikidata.org/entity/Q75885015,Michael de Poynings,p37995.htm#i379949,1160-01-01T00:00:00Z,http://www.wikidata.org/.well-known/genid/593ebcd685eb868c6de68edd87a48fe5,,http://www.wikidata.org/prop/direct/P26,http://www.wikidata.org/prop/direct/P26,http://www.wikidata.org/entity/Q75885022,Margaret (?)
http://www.wikidata.org/entity/Q75885015,Michael de Poynings,p37995.htm#i379949,1160-01-01T00:00:00Z,http://www.wikidata.org/.well-known/genid/593ebcd685eb868c6de68edd87a48fe5,,http://www.wikidata.org/prop/direct/P31,http://www.wikidata.org/prop/direct/P31,http://www.wikidata.org/entity/Q5,human
http://www.wikidata.org/entity/Q75885015,Michael de Poynings,p37995.htm#i379949,1160-01-01T00:00:00Z,http://www.wikidata.org/.well-known/genid/593ebcd685eb868c6de68edd87a48fe5,,http://www.wikidata.org/prop/direct/P40,http://www.wikidata.org/prop/direct/P40,http://www.wikidata.org/entity/Q75883910,Sir Thomas de Poynings
http://www.wikidata.org/entity/Q75885015,Michael de Poynings,p37995.htm#i379949,1160-01-01T00:00:00Z,http://www.wikidata.org/.well-known/genid/593ebcd685eb868c6de68edd87a48fe5,,http://www.wikidata.org/prop/direct/P2949,http://www.wikidata.org/prop/direct/P2949,Poynings-4,Poynings-4
http://www.wikidata.org/entity/Q75885015,Michael de Poynings,p37995.htm#i379949,1160-01-01T00:00:00Z,http://www.wikidata.org/.well-known/genid/593ebcd685eb868c6de68edd87a48fe5,,http://www.wikidata.org/prop/direct/P4638,http://www.wikidata.org/prop/direct/P4638,p37995.htm#i379949,p37995.htm#i379949
http://www.wikidata.org/entity/Q75885015,Michael de Poynings,p37995.htm#i379949,1160-01-01T00:00:00Z,http://www.wikidata.org/.well-known/genid/593ebcd685eb868c6de68edd87a48fe5,,http://www.wikidata.org/prop/direct/P569,http://www.wikidata.org/prop/direct/P569,1160-01-01T00:00:00Z,1160-01-01T00:00:00Z
http://www.wikidata.org/entity/Q75885015,Michael de Poynings,p37995.htm#i379949,1160-01-01T00:00:00Z,http://www.wikidata.org/.well-known/genid/593ebcd685eb868c6de68edd87a48fe5,,http://www.wikidata.org/prop/direct/P570,http://www.wikidata.org/prop/direct/P570,http://www.wikidata.org/.well-known/genid/593ebcd685eb868c6de68edd87a48fe5,http://www.wikidata.org/.well-known/genid/593ebcd685eb868c6de68edd87a48fe5
http://www.wikidata.org/entity/Q75885015,Michael de Poynings,p37995.htm#i379949,1160-01-01T00:00:00Z,http://www.wikidata.org/.well-known/genid/593ebcd685eb868c6de68edd87a48fe5,,http://www.wikidata.org/prop/direct/P735,http://www.wikidata.org/prop/direct/P735,http://www.wikidata.org/entity/Q4927524,Michael
http://www.wikidata.org/entity/Q75885022,Margaret (?),p37996.htm#i379954,1168-01-01T00:00:00Z,,,http://www.wikidata.org/prop/direct/P21,http://www.wikidata.org/prop/direct/P21,http://www.wikidata.org/entity/Q6581072,female
http://www.wikidata.org/entity/Q75885022,Margaret (?),p37996.htm#i379954,1168-01-01T00:00:00Z,,,http://www.wikidata.org/prop/direct/P26,http://www.wikidata.org/prop/direct/P26,http://www.wikidata.org/entity/Q75885015,Michael de Poynings
http://www.wikidata.org/entity/Q75885022,Margaret (?),p37996.htm#i379954,1168-01-01T00:00:00Z,,,http://www.wikidata.org/prop/direct/P31,http://www.wikidata.org/prop/direct/P31,http://www.wikidata.org/entity/Q5,human
http://www.wikidata.org/entity/Q75885022,Margaret (?),p37996.htm#i379954,1168-01-01T00:00:00Z,,,http://www.wikidata.org/prop/direct/P40,http://www.wikidata.org/prop/direct/P40,http://www.wikidata.org/entity/Q75883910,Sir Thomas de Poynings
http://www.wikidata.org/entity/Q75885022,Margaret (?),p37996.htm#i379954,1168-01-01T00:00:00Z,,,http://www.wikidata.org/prop/direct/P2949,http://www.wikidata.org/prop/direct/P2949,Unknown-137603,Unknown-137603
http://www.wikidata.org/entity/Q75885022,Margaret (?),p37996.htm#i379954,1168-01-01T00:00:00Z,,,http://www.wikidata.org/prop/direct/P4638,http://www.wikidata.org/prop/direct/P4638,p37996.htm#i379954,p37996.htm#i379954
http://www.wikidata.org/entity/Q75885022,Margaret (?),p37996.htm#i379954,1168-01-01T00:00:00Z,,,http://www.wikidata.org/prop/direct/P569,http://www.wikidata.org/prop/direct/P569,1168-01-01T00:00:00Z,1168-01-01T00:00:00Z
http://www.wikidata.org/entity/Q75885022,Margaret (?),p37996.htm#i379954,1168-01-01T00:00:00Z,,,http://www.wikidata.org/prop/direct/P735,http://www.wikidata.org/prop/direct/P735,http://www.wikidata.org/entity/Q4963612,Margaret
http://www.wikidata.org/entity/Q75885024,Adam de Poynings,p37996.htm#i379955,1126-01-01T00:00:00Z,1202-09-29T00:00:00Z,,http://www.wikidata.org/prop/direct/P21,http://www.wikidata.org/prop/direct/P21,http://www.wikidata.org/entity/Q6581097,male
http://www.wikidata.org/entity/Q75885024,Adam de Poynings,p37996.htm#i379955,1126-01-01T00:00:00Z,1202-09-29T00:00:00Z,,http://www.wikidata.org/prop/direct/P22,http://www.wikidata.org/prop/direct/P22,http://www.wikidata.org/entity/Q75885025,William de Poynings
http://www.wikidata.org/entity/Q75885024,Adam de Poynings,p37996.htm#i379955,1126-01-01T00:00:00Z,1202-09-29T00:00:00Z,,http://www.wikidata.org/prop/direct/P25,http://www.wikidata.org/prop/direct/P25,http://www.wikidata.org/entity/Q75885805,Beatrice (?)
http://www.wikidata.org/entity/Q75885024,Adam de Poynings,p37996.htm#i379955,1126-01-01T00:00:00Z,1202-09-29T00:00:00Z,,http://www.wikidata.org/prop/direct/P31,http://www.wikidata.org/prop/direct/P31,http://www.wikidata.org/entity/Q5,human
http://www.wikidata.org/entity/Q75885024,Adam de Poynings,p37996.htm#i379955,1126-01-01T00:00:00Z,1202-09-29T00:00:00Z,,http://www.wikidata.org/prop/direct/P40,http://www.wikidata.org/prop/direct/P40,http://www.wikidata.org/entity/Q75885015,Michael de Poynings
http://www.wikidata.org/entity/Q75885024,Adam de Poynings,p37996.htm#i379955,1126-01-01T00:00:00Z,1202-09-29T00:00:00Z,,http://www.wikidata.org/prop/direct/P2949,http://www.wikidata.org/prop/direct/P2949,Poynings-51,Poynings-51
http://www.wikidata.org/entity/Q75885024,Adam de Poynings,p37996.htm#i379955,1126-01-01T00:00:00Z,1202-09-29T00:00:00Z,,http://www.wikidata.org/prop/direct/P4638,http://www.wikidata.org/prop/direct/P4638,p37996.htm#i379955,p37996.htm#i379955
http://www.wikidata.org/entity/Q75885024,Adam de Poynings,p37996.htm#i379955,1126-01-01T00:00:00Z,1202-09-29T00:00:00Z,,http://www.wikidata.org/prop/direct/P569,http://www.wikidata.org/prop/direct/P569,1126-01-01T00:00:00Z,1126-01-01T00:00:00Z
http://www.wikidata.org/entity/Q75885024,Adam de Poynings,p37996.htm#i379955,1126-01-01T00:00:00Z,1202-09-29T00:00:00Z,,http://www.wikidata.org/prop/direct/P570,http://www.wikidata.org/prop/direct/P570,1202-09-29T00:00:00Z,1202-09-29T00:00:00Z
http://www.wikidata.org/entity/Q75885024,Adam de Poynings,p37996.htm#i379955,1126-01-01T00:00:00Z,1202-09-29T00:00:00Z,,http://www.wikidata.org/prop/direct/P735,http://www.wikidata.org/prop/direct/P735,http://www.wikidata.org/entity/Q347181,Adam
http://www.wikidata.org/entity/Q75885025,William de Poynings,p37996.htm#i379956,1100-01-01T00:00:00Z,1147-01-01T00:00:00Z,,http://www.wikidata.org/prop/direct/P21,http://www.wikidata.org/prop/direct/P21,http://www.wikidata.org/entity/Q6581097,male
http://www.wikidata.org/entity/Q75885025,William de Poynings,p37996.htm#i379956,1100-01-01T00:00:00Z,1147-01-01T00:00:00Z,,http://www.wikidata.org/prop/direct/P22,http://www.wikidata.org/prop/direct/P22,http://www.wikidata.org/entity/Q75885837,Rainald (?)
http://www.wikidata.org/entity/Q75885025,William de Poynings,p37996.htm#i379956,1100-01-01T00:00:00Z,1147-01-01T00:00:00Z,,http://www.wikidata.org/prop/direct/P26,http://www.wikidata.org/prop/direct/P26,http://www.wikidata.org/entity/Q75885805,Beatrice (?)
http://www.wikidata.org/entity/Q75885025,William de Poynings,p37996.htm#i379956,1100-01-01T00:00:00Z,1147-01-01T00:00:00Z,,http://www.wikidata.org/prop/direct/P31,http://www.wikidata.org/prop/direct/P31,http://www.wikidata.org/entity/Q5,human
http://www.wikidata.org/entity/Q75885025,William de Poynings,p37996.htm#i379956,1100-01-01T00:00:00Z,1147-01-01T00:00:00Z,,http://www.wikidata.org/prop/direct/P40,http://www.wikidata.org/prop/direct/P40,http://www.wikidata.org/entity/Q75885024,Adam de Poynings
http://www.wikidata.org/entity/Q75885025,William de Poynings,p37996.htm#i379956,1100-01-01T00:00:00Z,1147-01-01T00:00:00Z,,http://www.wikidata.org/prop/direct/P2949,http://www.wikidata.org/prop/direct/P2949,Poynings-50,Poynings-50
http://www.wikidata.org/entity/Q75885025,William de Poynings,p37996.htm#i379956,1100-01-01T00:00:00Z,1147-01-01T00:00:00Z,,http://www.wikidata.org/prop/direct/P4638,http://www.wikidata.org/prop/direct/P4638,p37996.htm#i379956,p37996.htm#i379956
http://www.wikidata.org/entity/Q75885025,William de Poynings,p37996.htm#i379956,1100-01-01T00:00:00Z,1147-01-01T00:00:00Z,,http://www.wikidata.org/prop/direct/P569,http://www.wikidata.org/prop/direct/P569,1100-01-01T00:00:00Z,1100-01-01T00:00:00Z
http://www.wikidata.org/entity/Q75885025,William de Poynings,p37996.htm#i379956,1100-01-01T00:00:00Z,1147-01-01T00:00:00Z,,http://www.wikidata.org/prop/direct/P570,http://www.wikidata.org/prop/direct/P570,1147-01-01T00:00:00Z,1147-01-01T00:00:00Z
http://www.wikidata.org/entity/Q75885025,William de Poynings,p37996.htm#i379956,1100-01-01T00:00:00Z,1147-01-01T00:00:00Z,,http://www.wikidata.org/prop/direct/P735,http://www.wikidata.org/prop/direct/P735,http://www.wikidata.org/entity/Q12344159,William
http://www.wikidata.org/entity/Q75885766,Anne Greene,p38051.htm#i380502,1489-01-01T00:00:00Z,1550-01-01T00:00:00Z,,http://www.wikidata.org/prop/direct/P21,http://www.wikidata.org/prop/direct/P21,http://www.wikidata.org/entity/Q6581072,female
http://www.wikidata.org/entity/Q75885766,Anne Greene,p38051.htm#i380502,1489-01-01T00:00:00Z,1550-01-01T00:00:00Z,,http://www.wikidata.org/prop/direct/P22,http://www.wikidata.org/prop/direct/P22,http://www.wikidata.org/entity/Q7529147,Thomas Green
http://www.wikidata.org/entity/Q75885766,Anne Greene,p38051.htm#i380502,1489-01-01T00:00:00Z,1550-01-01T00:00:00Z,,http://www.wikidata.org/prop/direct/P25,http://www.wikidata.org/prop/direct/P25,http://www.wikidata.org/entity/Q75241192,Joan Fogge
http://www.wikidata.org/entity/Q75885766,Anne Greene,p38051.htm#i380502,1489-01-01T00:00:00Z,1550-01-01T00:00:00Z,,http://www.wikidata.org/prop/direct/P26,http://www.wikidata.org/prop/direct/P26,http://www.wikidata.org/entity/Q8205978,"Nicholas Vaux, 1st Baron Vaux of Harrowden"
http://www.wikidata.org/entity/Q75885766,Anne Greene,p38051.htm#i380502,1489-01-01T00:00:00Z,1550-01-01T00:00:00Z,,http://www.wikidata.org/prop/direct/P31,http://www.wikidata.org/prop/direct/P31,http://www.wikidata.org/entity/Q5,human
http://www.wikidata.org/entity/Q75885766,Anne Greene,p38051.htm#i380502,1489-01-01T00:00:00Z,1550-01-01T00:00:00Z,,http://www.wikidata.org/prop/direct/P40,http://www.wikidata.org/prop/direct/P40,http://www.wikidata.org/entity/Q75911136,Maud Vaux
http://www.wikidata.org/entity/Q75885766,Anne Greene,p38051.htm#i380502,1489-01-01T00:00:00Z,1550-01-01T00:00:00Z,,http://www.wikidata.org/prop/direct/P40,http://www.wikidata.org/prop/direct/P40,http://www.wikidata.org/entity/Q7794671,"Thomas Vaux, 2nd Baron Vaux of Harrowden"
http://www.wikidata.org/entity/Q75885766,Anne Greene,p38051.htm#i380502,1489-01-01T00:00:00Z,1550-01-01T00:00:00Z,,http://www.wikidata.org/prop/direct/P40,http://www.wikidata.org/prop/direct/P40,http://www.wikidata.org/entity/Q96073135,William Vaux
http://www.wikidata.org/entity/Q75885766,Anne Greene,p38051.htm#i380502,1489-01-01T00:00:00Z,1550-01-01T00:00:00Z,,http://www.wikidata.org/prop/direct/P40,http://www.wikidata.org/prop/direct/P40,http://www.wikidata.org/entity/Q96073137,Margaret Vaux
http://www.wikidata.org/entity/Q75885766,Anne Greene,p38051.htm#i380502,1489-01-01T00:00:00Z,1550-01-01T00:00:00Z,,http://www.wikidata.org/prop/direct/P40,http://www.wikidata.org/prop/direct/P40,http://www.wikidata.org/entity/Q96073143,Bridget Vaux
http://www.wikidata.org/entity/Q75885766,Anne Greene,p38051.htm#i380502,1489-01-01T00:00:00Z,1550-01-01T00:00:00Z,,http://www.wikidata.org/prop/direct/P1819,http://www.wikidata.org/prop/direct/P1819,I00123685,I00123685
http://www.wikidata.org/entity/Q75885766,Anne Greene,p38051.htm#i380502,1489-01-01T00:00:00Z,1550-01-01T00:00:00Z,,http://www.wikidata.org/prop/direct/P2949,http://www.wikidata.org/prop/direct/P2949,Greene-3975,Greene-3975
http://www.wikidata.org/entity/Q75885766,Anne Greene,p38051.htm#i380502,1489-01-01T00:00:00Z,1550-01-01T00:00:00Z,,http://www.wikidata.org/prop/direct/P3051,http://www.wikidata.org/prop/direct/P3051,I573,I573
http://www.wikidata.org/entity/Q75885766,Anne Greene,p38051.htm#i380502,1489-01-01T00:00:00Z,1550-01-01T00:00:00Z,,http://www.wikidata.org/prop/direct/P4638,http://www.wikidata.org/prop/direct/P4638,p38051.htm#i380502,p38051.htm#i380502
http://www.wikidata.org/entity/Q75885766,Anne Greene,p38051.htm#i380502,1489-01-01T00:00:00Z,1550-01-01T00:00:00Z,,http://www.wikidata.org/prop/direct/P569,http://www.wikidata.org/prop/direct/P569,1489-01-01T00:00:00Z,1489-01-01T00:00:00Z
http://www.wikidata.org/entity/Q75885766,Anne Greene,p38051.htm#i380502,1489-01-01T00:00:00Z,1550-01-01T00:00:00Z,,http://www.wikidata.org/prop/direct/P570,http://www.wikidata.org/prop/direct/P570,1550-01-01T00:00:00Z,1550-01-01T00:00:00Z
http://www.wikidata.org/entity/Q75885766,Anne Greene,p38051.htm#i380502,1489-01-01T00:00:00Z,1550-01-01T00:00:00Z,,http://www.wikidata.org/prop/direct/P734,http://www.wikidata.org/prop/direct/P734,http://www.wikidata.org/entity/Q1544694,Greene
http://www.wikidata.org/entity/Q75885766,Anne Greene,p38051.htm#i380502,1489-01-01T00:00:00Z,1550-01-01T00:00:00Z,,http://www.wikidata.org/prop/direct/P735,http://www.wikidata.org/prop/direct/P735,http://www.wikidata.org/entity/Q564684,Anne
http://www.wikidata.org/entity/Q75885837,Rainald (?),p38056.htm#i380554,1077-01-01T00:00:00Z,,,http://www.wikidata.org/prop/direct/P21,http://www.wikidata.org/prop/direct/P21,http://www.wikidata.org/entity/Q6581097,male
http://www.wikidata.org/entity/Q75885837,Rainald (?),p38056.htm#i380554,1077-01-01T00:00:00Z,,,http://www.wikidata.org/prop/direct/P31,http://www.wikidata.org/prop/direct/P31,http://www.wikidata.org/entity/Q5,human
http://www.wikidata.org/entity/Q75885837,Rainald (?),p38056.htm#i380554,1077-01-01T00:00:00Z,,,http://www.wikidata.org/prop/direct/P40,http://www.wikidata.org/prop/direct/P40,http://www.wikidata.org/entity/Q75885025,William de Poynings
http://www.wikidata.org/entity/Q75885837,Rainald (?),p38056.htm#i380554,1077-01-01T00:00:00Z,,,http://www.wikidata.org/prop/direct/P2949,http://www.wikidata.org/prop/direct/P2949,Poynings-49,Poynings-49
http://www.wikidata.org/entity/Q75885837,Rainald (?),p38056.htm#i380554,1077-01-01T00:00:00Z,,,http://www.wikidata.org/prop/direct/P4638,http://www.wikidata.org/prop/direct/P4638,p38056.htm#i380554,p38056.htm#i380554
http://www.wikidata.org/entity/Q75885837,Rainald (?),p38056.htm#i380554,1077-01-01T00:00:00Z,,,http://www.wikidata.org/prop/direct/P569,http://www.wikidata.org/prop/direct/P569,1077-01-01T00:00:00Z,1077-01-01T00:00:00Z
http://www.wikidata.org/entity/Q75885838,Sir Thomas Reyney,p38056.htm#i380555,1295-01-01T00:00:00Z,1328-01-01T00:00:00Z,,http://www.wikidata.org/prop/direct/P21,http://www.wikidata.org/prop/direct/P21,http://www.wikidata.org/entity/Q6581097,male
http://www.wikidata.org/entity/Q75885838,Sir Thomas Reyney,p38056.htm#i380555,1295-01-01T00:00:00Z,1328-01-01T00:00:00Z,,http://www.wikidata.org/prop/direct/P31,http://www.wikidata.org/prop/direct/P31,http://www.wikidata.org/entity/Q5,human
http://www.wikidata.org/entity/Q75885838,Sir Thomas Reyney,p38056.htm#i380555,1295-01-01T00:00:00Z,1328-01-01T00:00:00Z,,http://www.wikidata.org/prop/direct/P40,http://www.wikidata.org/prop/direct/P40,http://www.wikidata.org/entity/Q75727420,Elizabeth Reyney
http://www.wikidata.org/entity/Q75885838,Sir Thomas Reyney,p38056.htm#i380555,1295-01-01T00:00:00Z,1328-01-01T00:00:00Z,,http://www.wikidata.org/prop/direct/P1819,http://www.wikidata.org/prop/direct/P1819,I00411545,I00411545
http://www.wikidata.org/entity/Q75885838,Sir Thomas Reyney,p38056.htm#i380555,1295-01-01T00:00:00Z,1328-01-01T00:00:00Z,,http://www.wikidata.org/prop/direct/P2949,http://www.wikidata.org/prop/direct/P2949,Reyney-3,Reyney-3
http://www.wikidata.org/entity/Q75885838,Sir Thomas Reyney,p38056.htm#i380555,1295-01-01T00:00:00Z,1328-01-01T00:00:00Z,,http://www.wikidata.org/prop/direct/P4638,http://www.wikidata.org/prop/direct/P4638,p38056.htm#i380555,p38056.htm#i380555
http://www.wikidata.org/entity/Q75885838,Sir Thomas Reyney,p38056.htm#i380555,1295-01-01T00:00:00Z,1328-01-01T00:00:00Z,,http://www.wikidata.org/prop/direct/P5008,http://www.wikidata.org/prop/direct/P5008,http://www.wikidata.org/entity/Q98755339,TP updated between September 2019 and August 2020
http://www.wikidata.org/entity/Q75885838,Sir Thomas Reyney,p38056.htm#i380555,1295-01-01T00:00:00Z,1328-01-01T00:00:00Z,,http://www.wikidata.org/prop/direct/P511,http://www.wikidata.org/prop/direct/P511,http://www.wikidata.org/entity/Q209690,Sir
http://www.wikidata.org/entity/Q75885838,Sir Thomas Reyney,p38056.htm#i380555,1295-01-01T00:00:00Z,1328-01-01T00:00:00Z,,http://www.wikidata.org/prop/direct/P569,http://www.wikidata.org/prop/direct/P569,1295-01-01T00:00:00Z,1295-01-01T00:00:00Z
http://www.wikidata.org/entity/Q75885838,Sir Thomas Reyney,p38056.htm#i380555,1295-01-01T00:00:00Z,1328-01-01T00:00:00Z,,http://www.wikidata.org/prop/direct/P570,http://www.wikidata.org/prop/direct/P570,1328-01-01T00:00:00Z,1328-01-01T00:00:00Z
http://www.wikidata.org/entity/Q75885838,Sir Thomas Reyney,p38056.htm#i380555,1295-01-01T00:00:00Z,1328-01-01T00:00:00Z,,http://www.wikidata.org/prop/direct/P735,http://www.wikidata.org/prop/direct/P735,http://www.wikidata.org/entity/Q16428906,Thomas
http://www.wikidata.org/entity/Q75885958,David Poer,p38065.htm#i380641,1370-01-01T00:00:00Z,,,http://www.wikidata.org/prop/direct/P21,http://www.wikidata.org/prop/direct/P21,http://www.wikidata.org/entity/Q6581097,male
http://www.wikidata.org/entity/Q75885958,David Poer,p38065.htm#i380641,1370-01-01T00:00:00Z,,,http://www.wikidata.org/prop/direct/P26,http://www.wikidata.org/prop/direct/P26,http://www.wikidata.org/entity/Q75885960,Elinor Poer
http://www.wikidata.org/entity/Q75885958,David Poer,p38065.htm#i380641,1370-01-01T00:00:00Z,,,http://www.wikidata.org/prop/direct/P31,http://www.wikidata.org/prop/direct/P31,http://www.wikidata.org/entity/Q5,human
http://www.wikidata.org/entity/Q75885958,David Poer,p38065.htm#i380641,1370-01-01T00:00:00Z,,,http://www.wikidata.org/prop/direct/P40,http://www.wikidata.org/prop/direct/P40,http://www.wikidata.org/entity/Q75885961,Nicholas Poer
http://www.wikidata.org/entity/Q75885958,David Poer,p38065.htm#i380641,1370-01-01T00:00:00Z,,,http://www.wikidata.org/prop/direct/P2949,http://www.wikidata.org/prop/direct/P2949,Le_Poer-16,Le_Poer-16
http://www.wikidata.org/entity/Q75885958,David Poer,p38065.htm#i380641,1370-01-01T00:00:00Z,,,http://www.wikidata.org/prop/direct/P4638,http://www.wikidata.org/prop/direct/P4638,p38065.htm#i380641,p38065.htm#i380641
http://www.wikidata.org/entity/Q75885958,David Poer,p38065.htm#i380641,1370-01-01T00:00:00Z,,,http://www.wikidata.org/prop/direct/P5008,http://www.wikidata.org/prop/direct/P5008,http://www.wikidata.org/entity/Q98755339,TP updated between September 2019 and August 2020
http://www.wikidata.org/entity/Q75885958,David Poer,p38065.htm#i380641,1370-01-01T00:00:00Z,,,http://www.wikidata.org/prop/direct/P569,http://www.wikidata.org/prop/direct/P569,1370-01-01T00:00:00Z,1370-01-01T00:00:00Z
http://www.wikidata.org/entity/Q75885958,David Poer,p38065.htm#i380641,1370-01-01T00:00:00Z,,,http://www.wikidata.org/prop/direct/P735,http://www.wikidata.org/prop/direct/P735,http://www.wikidata.org/entity/Q18057751,David
http://www.wikidata.org/entity/Q75885960,Elinor Poer,p38065.htm#i380643,1380-01-01T00:00:00Z,,,http://www.wikidata.org/prop/direct/P21,http://www.wikidata.org/prop/direct/P21,http://www.wikidata.org/entity/Q6581072,female
http://www.wikidata.org/entity/Q75885960,Elinor Poer,p38065.htm#i380643,1380-01-01T00:00:00Z,,,http://www.wikidata.org/prop/direct/P22,http://www.wikidata.org/prop/direct/P22,http://www.wikidata.org/entity/Q75885959,"Nicholas Poer, 1st Lord of Donoyle"
http://www.wikidata.org/entity/Q75885960,Elinor Poer,p38065.htm#i380643,1380-01-01T00:00:00Z,,,http://www.wikidata.org/prop/direct/P26,http://www.wikidata.org/prop/direct/P26,http://www.wikidata.org/entity/Q75885958,David Poer
http://www.wikidata.org/entity/Q75885960,Elinor Poer,p38065.htm#i380643,1380-01-01T00:00:00Z,,,http://www.wikidata.org/prop/direct/P31,http://www.wikidata.org/prop/direct/P31,http://www.wikidata.org/entity/Q5,human
http://www.wikidata.org/entity/Q75885960,Elinor Poer,p38065.htm#i380643,1380-01-01T00:00:00Z,,,http://www.wikidata.org/prop/direct/P40,http://www.wikidata.org/prop/direct/P40,http://www.wikidata.org/entity/Q75885961,Nicholas Poer
http://www.wikidata.org/entity/Q75885960,Elinor Poer,p38065.htm#i380643,1380-01-01T00:00:00Z,,,http://www.wikidata.org/prop/direct/P2949,http://www.wikidata.org/prop/direct/P2949,Le_Poer-15,Le_Poer-15
http://www.wikidata.org/entity/Q75885960,Elinor Poer,p38065.htm#i380643,1380-01-01T00:00:00Z,,,http://www.wikidata.org/prop/direct/P4638,http://www.wikidata.org/prop/direct/P4638,p38065.htm#i380643,p38065.htm#i380643
http://www.wikidata.org/entity/Q75885960,Elinor Poer,p38065.htm#i380643,1380-01-01T00:00:00Z,,,http://www.wikidata.org/prop/direct/P5008,http://www.wikidata.org/prop/direct/P5008,http://www.wikidata.org/entity/Q98755339,TP updated between September 2019 and August 2020
http://www.wikidata.org/entity/Q75885960,Elinor Poer,p38065.htm#i380643,1380-01-01T00:00:00Z,,,http://www.wikidata.org/prop/direct/P569,http://www.wikidata.org/prop/direct/P569,1380-01-01T00:00:00Z,1380-01-01T00:00:00Z
http://www.wikidata.org/entity/Q75885960,Elinor Poer,p38065.htm#i380643,1380-01-01T00:00:00Z,,,http://www.wikidata.org/prop/direct/P735,http://www.wikidata.org/prop/direct/P735,http://www.wikidata.org/entity/Q19968512,Elinor
http://www.wikidata.org/entity/Q75885961,Nicholas Poer,p38065.htm#i380644,1400-01-01T00:00:00Z,1445-01-01T00:00:00Z,,http://www.wikidata.org/prop/direct/P21,http://www.wikidata.org/prop/direct/P21,http://www.wikidata.org/entity/Q6581097,male
http://www.wikidata.org/entity/Q75885961,Nicholas Poer,p38065.htm#i380644,1400-01-01T00:00:00Z,1445-01-01T00:00:00Z,,http://www.wikidata.org/prop/direct/P22,http://www.wikidata.org/prop/direct/P22,http://www.wikidata.org/entity/Q75885958,David Poer
http://www.wikidata.org/entity/Q75885961,Nicholas Poer,p38065.htm#i380644,1400-01-01T00:00:00Z,1445-01-01T00:00:00Z,,http://www.wikidata.org/prop/direct/P25,http://www.wikidata.org/prop/direct/P25,http://www.wikidata.org/entity/Q75885960,Elinor Poer
http://www.wikidata.org/entity/Q75885961,Nicholas Poer,p38065.htm#i380644,1400-01-01T00:00:00Z,1445-01-01T00:00:00Z,,http://www.wikidata.org/prop/direct/P31,http://www.wikidata.org/prop/direct/P31,http://www.wikidata.org/entity/Q5,human
http://www.wikidata.org/entity/Q75885961,Nicholas Poer,p38065.htm#i380644,1400-01-01T00:00:00Z,1445-01-01T00:00:00Z,,http://www.wikidata.org/prop/direct/P40,http://www.wikidata.org/prop/direct/P40,http://www.wikidata.org/entity/Q75885964,Richard Poer
http://www.wikidata.org/entity/Q75885961,Nicholas Poer,p38065.htm#i380644,1400-01-01T00:00:00Z,1445-01-01T00:00:00Z,,http://www.wikidata.org/prop/direct/P2949,http://www.wikidata.org/prop/direct/P2949,Le_Poer-14,Le_Poer-14
http://www.wikidata.org/entity/Q75885961,Nicholas Poer,p38065.htm#i380644,1400-01-01T00:00:00Z,1445-01-01T00:00:00Z,,http://www.wikidata.org/prop/direct/P4638,http://www.wikidata.org/prop/direct/P4638,p38065.htm#i380644,p38065.htm#i380644
http://www.wikidata.org/entity/Q75885961,Nicholas Poer,p38065.htm#i380644,1400-01-01T00:00:00Z,1445-01-01T00:00:00Z,,http://www.wikidata.org/prop/direct/P5008,http://www.wikidata.org/prop/direct/P5008,http://www.wikidata.org/entity/Q98755339,TP updated between September 2019 and August 2020
http://www.wikidata.org/entity/Q75885961,Nicholas Poer,p38065.htm#i380644,1400-01-01T00:00:00Z,1445-01-01T00:00:00Z,,http://www.wikidata.org/prop/direct/P569,http://www.wikidata.org/prop/direct/P569,1400-01-01T00:00:00Z,1400-01-01T00:00:00Z
http://www.wikidata.org/entity/Q75885961,Nicholas Poer,p38065.htm#i380644,1400-01-01T00:00:00Z,1445-01-01T00:00:00Z,,http://www.wikidata.org/prop/direct/P570,http://www.wikidata.org/prop/direct/P570,1445-01-01T00:00:00Z,1445-01-01T00:00:00Z
http://www.wikidata.org/entity/Q75885964,Richard Poer,p38065.htm#i380646,1435-01-01T00:00:00Z,1483-10-03T00:00:00Z,,http://www.wikidata.org/prop/direct/P21,http://www.wikidata.org/prop/direct/P21,http://www.wikidata.org/entity/Q6581097,male
http://www.wikidata.org/entity/Q75885964,Richard Poer,p38065.htm#i380646,1435-01-01T00:00:00Z,1483-10-03T00:00:00Z,,http://www.wikidata.org/prop/direct/P22,http://www.wikidata.org/prop/direct/P22,http://www.wikidata.org/entity/Q75885961,Nicholas Poer
http://www.wikidata.org/entity/Q75885964,Richard Poer,p38065.htm#i380646,1435-01-01T00:00:00Z,1483-10-03T00:00:00Z,,http://www.wikidata.org/prop/direct/P26,http://www.wikidata.org/prop/direct/P26,http://www.wikidata.org/entity/Q75885966,Katherine Butler
http://www.wikidata.org/entity/Q75885964,Richard Poer,p38065.htm#i380646,1435-01-01T00:00:00Z,1483-10-03T00:00:00Z,,http://www.wikidata.org/prop/direct/P31,http://www.wikidata.org/prop/direct/P31,http://www.wikidata.org/entity/Q5,human
http://www.wikidata.org/entity/Q75885964,Richard Poer,p38065.htm#i380646,1435-01-01T00:00:00Z,1483-10-03T00:00:00Z,,http://www.wikidata.org/prop/direct/P40,http://www.wikidata.org/prop/direct/P40,http://www.wikidata.org/entity/Q75533233,Sir Piers Power
http://www.wikidata.org/entity/Q75885964,Richard Poer,p38065.htm#i380646,1435-01-01T00:00:00Z,1483-10-03T00:00:00Z,,http://www.wikidata.org/prop/direct/P40,http://www.wikidata.org/prop/direct/P40,http://www.wikidata.org/entity/Q75885970,Richard Poer
http://www.wikidata.org/entity/Q75885964,Richard Poer,p38065.htm#i380646,1435-01-01T00:00:00Z,1483-10-03T00:00:00Z,,http://www.wikidata.org/prop/direct/P40,http://www.wikidata.org/prop/direct/P40,http://www.wikidata.org/entity/Q75885971,Sir Edmond Poer
http://www.wikidata.org/entity/Q75885964,Richard Poer,p38065.htm#i380646,1435-01-01T00:00:00Z,1483-10-03T00:00:00Z,,http://www.wikidata.org/prop/direct/P2949,http://www.wikidata.org/prop/direct/P2949,Le_Poer-7,Le_Poer-7
http://www.wikidata.org/entity/Q75885964,Richard Poer,p38065.htm#i380646,1435-01-01T00:00:00Z,1483-10-03T00:00:00Z,,http://www.wikidata.org/prop/direct/P4638,http://www.wikidata.org/prop/direct/P4638,p38065.htm#i380646,p38065.htm#i380646
http://www.wikidata.org/entity/Q75885964,Richard Poer,p38065.htm#i380646,1435-01-01T00:00:00Z,1483-10-03T00:00:00Z,,http://www.wikidata.org/prop/direct/P5008,http://www.wikidata.org/prop/direct/P5008,http://www.wikidata.org/entity/Q98755339,TP updated between September 2019 and August 2020
http://www.wikidata.org/entity/Q75885964,Richard Poer,p38065.htm#i380646,1435-01-01T00:00:00Z,1483-10-03T00:00:00Z,,http://www.wikidata.org/prop/direct/P569,http://www.wikidata.org/prop/direct/P569,1435-01-01T00:00:00Z,1435-01-01T00:00:00Z
http://www.wikidata.org/entity/Q75885964,Richard Poer,p38065.htm#i380646,1435-01-01T00:00:00Z,1483-10-03T00:00:00Z,,http://www.wikidata.org/prop/direct/P570,http://www.wikidata.org/prop/direct/P570,1483-10-03T00:00:00Z,1483-10-03T00:00:00Z
http://www.wikidata.org/entity/Q75885964,Richard Poer,p38065.htm#i380646,1435-01-01T00:00:00Z,1483-10-03T00:00:00Z,,http://www.wikidata.org/prop/direct/P735,http://www.wikidata.org/prop/direct/P735,http://www.wikidata.org/entity/Q1249148,Richard
http://www.wikidata.org/entity/Q75885966,Katherine Butler,p38065.htm#i380648,1440-01-01T00:00:00Z,,,http://www.wikidata.org/prop/direct/P21,http://www.wikidata.org/prop/direct/P21,http://www.wikidata.org/entity/Q6581072,female
http://www.wikidata.org/entity/Q75885966,Katherine Butler,p38065.htm#i380648,1440-01-01T00:00:00Z,,,http://www.wikidata.org/prop/direct/P22,http://www.wikidata.org/prop/direct/P22,http://www.wikidata.org/entity/Q6867927,Sir Richard Butler of Polestown
http://www.wikidata.org/entity/Q75885966,Katherine Butler,p38065.htm#i380648,1440-01-01T00:00:00Z,,,http://www.wikidata.org/prop/direct/P25,http://www.wikidata.org/prop/direct/P25,http://www.wikidata.org/entity/Q75278683,Catherine O'Reilly
http://www.wikidata.org/entity/Q75885966,Katherine Butler,p38065.htm#i380648,1440-01-01T00:00:00Z,,,http://www.wikidata.org/prop/direct/P26,http://www.wikidata.org/prop/direct/P26,http://www.wikidata.org/entity/Q75885964,Richard Poer
http://www.wikidata.org/entity/Q75885966,Katherine Butler,p38065.htm#i380648,1440-01-01T00:00:00Z,,,http://www.wikidata.org/prop/direct/P31,http://www.wikidata.org/prop/direct/P31,http://www.wikidata.org/entity/Q5,human
http://www.wikidata.org/entity/Q75885966,Katherine Butler,p38065.htm#i380648,1440-01-01T00:00:00Z,,,http://www.wikidata.org/prop/direct/P40,http://www.wikidata.org/prop/direct/P40,http://www.wikidata.org/entity/Q75533233,Sir Piers Power
http://www.wikidata.org/entity/Q75885966,Katherine Butler,p38065.htm#i380648,1440-01-01T00:00:00Z,,,http://www.wikidata.org/prop/direct/P40,http://www.wikidata.org/prop/direct/P40,http://www.wikidata.org/entity/Q75885970,Richard Poer
http://www.wikidata.org/entity/Q75885966,Katherine Butler,p38065.htm#i380648,1440-01-01T00:00:00Z,,,http://www.wikidata.org/prop/direct/P40,http://www.wikidata.org/prop/direct/P40,http://www.wikidata.org/entity/Q75885971,Sir Edmond Poer
http://www.wikidata.org/entity/Q75885966,Katherine Butler,p38065.htm#i380648,1440-01-01T00:00:00Z,,,http://www.wikidata.org/prop/direct/P2949,http://www.wikidata.org/prop/direct/P2949,Butler-1269,Butler-1269
http://www.wikidata.org/entity/Q75885966,Katherine Butler,p38065.htm#i380648,1440-01-01T00:00:00Z,,,http://www.wikidata.org/prop/direct/P4638,http://www.wikidata.org/prop/direct/P4638,p38065.htm#i380648,p38065.htm#i380648
http://www.wikidata.org/entity/Q75885966,Katherine Butler,p38065.htm#i380648,1440-01-01T00:00:00Z,,,http://www.wikidata.org/prop/direct/P5008,http://www.wikidata.org/prop/direct/P5008,http://www.wikidata.org/entity/Q98755339,TP updated between September 2019 and August 2020
http://www.wikidata.org/entity/Q75885966,Katherine Butler,p38065.htm#i380648,1440-01-01T00:00:00Z,,,http://www.wikidata.org/prop/direct/P569,http://www.wikidata.org/prop/direct/P569,1440-01-01T00:00:00Z,1440-01-01T00:00:00Z
http://www.wikidata.org/entity/Q75885966,Katherine Butler,p38065.htm#i380648,1440-01-01T00:00:00Z,,,http://www.wikidata.org/prop/direct/P734,http://www.wikidata.org/prop/direct/P734,http://www.wikidata.org/entity/Q2664624,Butler
http://www.wikidata.org/entity/Q75885966,Katherine Butler,p38065.htm#i380648,1440-01-01T00:00:00Z,,,http://www.wikidata.org/prop/direct/P735,http://www.wikidata.org/prop/direct/P735,http://www.wikidata.org/entity/Q108631,Katherine
http://www.wikidata.org/entity/Q75885973,Margaret de Ros,p38066.htm#i380653,,1357-10-17T00:00:00Z,,http://www.wikidata.org/prop/direct/P21,http://www.wikidata.org/prop/direct/P21,http://www.wikidata.org/entity/Q6581072,female
http://www.wikidata.org/entity/Q75885973,Margaret de Ros,p38066.htm#i380653,,1357-10-17T00:00:00Z,,http://www.wikidata.org/prop/direct/P26,http://www.wikidata.org/prop/direct/P26,http://www.wikidata.org/entity/Q5730835,Henry le Scrope
http://www.wikidata.org/entity/Q75885973,Margaret de Ros,p38066.htm#i380653,,1357-10-17T00:00:00Z,,http://www.wikidata.org/prop/direct/P31,http://www.wikidata.org/prop/direct/P31,http://www.wikidata.org/entity/Q5,human
http://www.wikidata.org/entity/Q75885973,Margaret de Ros,p38066.htm#i380653,,1357-10-17T00:00:00Z,,http://www.wikidata.org/prop/direct/P40,http://www.wikidata.org/prop/direct/P40,http://www.wikidata.org/entity/Q111382886,Q111382886
http://www.wikidata.org/entity/Q75885973,Margaret de Ros,p38066.htm#i380653,,1357-10-17T00:00:00Z,,http://www.wikidata.org/prop/direct/P40,http://www.wikidata.org/prop/direct/P40,http://www.wikidata.org/entity/Q111382888,Stephen Scrope
http://www.wikidata.org/entity/Q75885973,Margaret de Ros,p38066.htm#i380653,,1357-10-17T00:00:00Z,,http://www.wikidata.org/prop/direct/P40,http://www.wikidata.org/prop/direct/P40,http://www.wikidata.org/entity/Q7330227,"Richard le Scrope, 1st Baron Scrope of Bolton"
http://www.wikidata.org/entity/Q75885973,Margaret de Ros,p38066.htm#i380653,,1357-10-17T00:00:00Z,,http://www.wikidata.org/prop/direct/P1819,http://www.wikidata.org/prop/direct/P1819,I00304761,I00304761
http://www.wikidata.org/entity/Q75885973,Margaret de Ros,p38066.htm#i380653,,1357-10-17T00:00:00Z,,http://www.wikidata.org/prop/direct/P2949,http://www.wikidata.org/prop/direct/P2949,Ros-27,Ros-27
http://www.wikidata.org/entity/Q75885973,Margaret de Ros,p38066.htm#i380653,,1357-10-17T00:00:00Z,,http://www.wikidata.org/prop/direct/P4638,http://www.wikidata.org/prop/direct/P4638,p38066.htm#i380653,p38066.htm#i380653
http://www.wikidata.org/entity/Q75885973,Margaret de Ros,p38066.htm#i380653,,1357-10-17T00:00:00Z,,http://www.wikidata.org/prop/direct/P570,http://www.wikidata.org/prop/direct/P570,1357-10-17T00:00:00Z,1357-10-17T00:00:00Z
http://www.wikidata.org/entity/Q75885973,Margaret de Ros,p38066.htm#i380653,,1357-10-17T00:00:00Z,,http://www.wikidata.org/prop/direct/P735,http://www.wikidata.org/prop/direct/P735,http://www.wikidata.org/entity/Q4963612,Margaret
http://www.wikidata.org/entity/Q75885975,William Scrope,p38066.htm#i380654,http://www.wikidata.org/.well-known/genid/3884d8aaf0645c4beb4ccdb58cb6c62a,1312-01-01T00:00:00Z,,http://www.wikidata.org/prop/direct/P119,http://www.wikidata.org/prop/direct/P119,http://www.wikidata.org/entity/Q5886632,"Holy Trinity Church, Wensley"
http://www.wikidata.org/entity/Q75885975,William Scrope,p38066.htm#i380654,http://www.wikidata.org/.well-known/genid/3884d8aaf0645c4beb4ccdb58cb6c62a,1312-01-01T00:00:00Z,,http://www.wikidata.org/prop/direct/P21,http://www.wikidata.org/prop/direct/P21,http://www.wikidata.org/entity/Q6581097,male
http://www.wikidata.org/entity/Q75885975,William Scrope,p38066.htm#i380654,http://www.wikidata.org/.well-known/genid/3884d8aaf0645c4beb4ccdb58cb6c62a,1312-01-01T00:00:00Z,,http://www.wikidata.org/prop/direct/P22,http://www.wikidata.org/prop/direct/P22,http://www.wikidata.org/entity/Q75885993,Henry Scrope
http://www.wikidata.org/entity/Q75885975,William Scrope,p38066.htm#i380654,http://www.wikidata.org/.well-known/genid/3884d8aaf0645c4beb4ccdb58cb6c62a,1312-01-01T00:00:00Z,,http://www.wikidata.org/prop/direct/P25,http://www.wikidata.org/prop/direct/P25,http://www.wikidata.org/entity/Q75885994,Juliane Brune
http://www.wikidata.org/entity/Q75885975,William Scrope,p38066.htm#i380654,http://www.wikidata.org/.well-known/genid/3884d8aaf0645c4beb4ccdb58cb6c62a,1312-01-01T00:00:00Z,,http://www.wikidata.org/prop/direct/P26,http://www.wikidata.org/prop/direct/P26,http://www.wikidata.org/entity/Q75885983,Constance de Newsom
http://www.wikidata.org/entity/Q75885975,William Scrope,p38066.htm#i380654,http://www.wikidata.org/.well-known/genid/3884d8aaf0645c4beb4ccdb58cb6c62a,1312-01-01T00:00:00Z,,http://www.wikidata.org/prop/direct/P31,http://www.wikidata.org/prop/direct/P31,http://www.wikidata.org/entity/Q5,human
http://www.wikidata.org/entity/Q75885975,William Scrope,p38066.htm#i380654,http://www.wikidata.org/.well-known/genid/3884d8aaf0645c4beb4ccdb58cb6c62a,1312-01-01T00:00:00Z,,http://www.wikidata.org/prop/direct/P40,http://www.wikidata.org/prop/direct/P40,http://www.wikidata.org/entity/Q5535002,Geoffrey le Scrope
http://www.wikidata.org/entity/Q75885975,William Scrope,p38066.htm#i380654,http://www.wikidata.org/.well-known/genid/3884d8aaf0645c4beb4ccdb58cb6c62a,1312-01-01T00:00:00Z,,http://www.wikidata.org/prop/direct/P40,http://www.wikidata.org/prop/direct/P40,http://www.wikidata.org/entity/Q5730835,Henry le Scrope
http://www.wikidata.org/entity/Q75885975,William Scrope,p38066.htm#i380654,http://www.wikidata.org/.well-known/genid/3884d8aaf0645c4beb4ccdb58cb6c62a,1312-01-01T00:00:00Z,,http://www.wikidata.org/prop/direct/P53,http://www.wikidata.org/prop/direct/P53,http://www.wikidata.org/entity/Q17101625,Scrope family
http://www.wikidata.org/entity/Q75885975,William Scrope,p38066.htm#i380654,http://www.wikidata.org/.well-known/genid/3884d8aaf0645c4beb4ccdb58cb6c62a,1312-01-01T00:00:00Z,,http://www.wikidata.org/prop/direct/P1559,http://www.wikidata.org/prop/direct/P1559,William Scrope,William Scrope
http://www.wikidata.org/entity/Q75885975,William Scrope,p38066.htm#i380654,http://www.wikidata.org/.well-known/genid/3884d8aaf0645c4beb4ccdb58cb6c62a,1312-01-01T00:00:00Z,,http://www.wikidata.org/prop/direct/P1819,http://www.wikidata.org/prop/direct/P1819,I00304762,I00304762
http://www.wikidata.org/entity/Q75885975,William Scrope,p38066.htm#i380654,http://www.wikidata.org/.well-known/genid/3884d8aaf0645c4beb4ccdb58cb6c62a,1312-01-01T00:00:00Z,,http://www.wikidata.org/prop/direct/P2949,http://www.wikidata.org/prop/direct/P2949,Scrope-49,Scrope-49
http://www.wikidata.org/entity/Q75885975,William Scrope,p38066.htm#i380654,http://www.wikidata.org/.well-known/genid/3884d8aaf0645c4beb4ccdb58cb6c62a,1312-01-01T00:00:00Z,,http://www.wikidata.org/prop/direct/P4638,http://www.wikidata.org/prop/direct/P4638,p38066.htm#i380654,p38066.htm#i380654
http://www.wikidata.org/entity/Q75885975,William Scrope,p38066.htm#i380654,http://www.wikidata.org/.well-known/genid/3884d8aaf0645c4beb4ccdb58cb6c62a,1312-01-01T00:00:00Z,,http://www.wikidata.org/prop/direct/P569,http://www.wikidata.org/prop/direct/P569,http://www.wikidata.org/.well-known/genid/3884d8aaf0645c4beb4ccdb58cb6c62a,http://www.wikidata.org/.well-known/genid/3884d8aaf0645c4beb4ccdb58cb6c62a
http://www.wikidata.org/entity/Q75885975,William Scrope,p38066.htm#i380654,http://www.wikidata.org/.well-known/genid/3884d8aaf0645c4beb4ccdb58cb6c62a,1312-01-01T00:00:00Z,,http://www.wikidata.org/prop/direct/P570,http://www.wikidata.org/prop/direct/P570,http://www.wikidata.org/.well-known/genid/8d710920ade56a562f31d460a3115998,http://www.wikidata.org/.well-known/genid/8d710920ade56a562f31d460a3115998
http://www.wikidata.org/entity/Q75885975,William Scrope,p38066.htm#i380654,http://www.wikidata.org/.well-known/genid/3884d8aaf0645c4beb4ccdb58cb6c62a,1312-01-01T00:00:00Z,,http://www.wikidata.org/prop/direct/P570,http://www.wikidata.org/prop/direct/P570,1312-01-01T00:00:00Z,1312-01-01T00:00:00Z
http://www.wikidata.org/entity/Q75885975,William Scrope,p38066.htm#i380654,http://www.wikidata.org/.well-known/genid/3884d8aaf0645c4beb4ccdb58cb6c62a,1312-01-01T00:00:00Z,,http://www.wikidata.org/prop/direct/P735,http://www.wikidata.org/prop/direct/P735,http://www.wikidata.org/entity/Q12344159,William
http://www.wikidata.org/entity/Q75885983,Constance de Newsom,p38066.htm#i380660,,1298-01-01T00:00:00Z,,http://www.wikidata.org/prop/direct/P21,http://www.wikidata.org/prop/direct/P21,http://www.wikidata.org/entity/Q6581072,female
http://www.wikidata.org/entity/Q75885983,Constance de Newsom,p38066.htm#i380660,,1298-01-01T00:00:00Z,,http://www.wikidata.org/prop/direct/P22,http://www.wikidata.org/prop/direct/P22,http://www.wikidata.org/entity/Q75931223,Thomas de Newsom
http://www.wikidata.org/entity/Q75885983,Constance de Newsom,p38066.htm#i380660,,1298-01-01T00:00:00Z,,http://www.wikidata.org/prop/direct/P26,http://www.wikidata.org/prop/direct/P26,http://www.wikidata.org/entity/Q75885975,William Scrope
http://www.wikidata.org/entity/Q75885983,Constance de Newsom,p38066.htm#i380660,,1298-01-01T00:00:00Z,,http://www.wikidata.org/prop/direct/P31,http://www.wikidata.org/prop/direct/P31,http://www.wikidata.org/entity/Q5,human
http://www.wikidata.org/entity/Q75885983,Constance de Newsom,p38066.htm#i380660,,1298-01-01T00:00:00Z,,http://www.wikidata.org/prop/direct/P40,http://www.wikidata.org/prop/direct/P40,http://www.wikidata.org/entity/Q5535002,Geoffrey le Scrope
http://www.wikidata.org/entity/Q75885983,Constance de Newsom,p38066.htm#i380660,,1298-01-01T00:00:00Z,,http://www.wikidata.org/prop/direct/P40,http://www.wikidata.org/prop/direct/P40,http://www.wikidata.org/entity/Q5730835,Henry le Scrope
http://www.wikidata.org/entity/Q75885983,Constance de Newsom,p38066.htm#i380660,,1298-01-01T00:00:00Z,,http://www.wikidata.org/prop/direct/P2949,http://www.wikidata.org/prop/direct/P2949,Newsom-15,Newsom-15
http://www.wikidata.org/entity/Q75885983,Constance de Newsom,p38066.htm#i380660,,1298-01-01T00:00:00Z,,http://www.wikidata.org/prop/direct/P4638,http://www.wikidata.org/prop/direct/P4638,p38066.htm#i380660,p38066.htm#i380660
http://www.wikidata.org/entity/Q75885983,Constance de Newsom,p38066.htm#i380660,,1298-01-01T00:00:00Z,,http://www.wikidata.org/prop/direct/P570,http://www.wikidata.org/prop/direct/P570,1298-01-01T00:00:00Z,1298-01-01T00:00:00Z
http://www.wikidata.org/entity/Q75885983,Constance de Newsom,p38066.htm#i380660,,1298-01-01T00:00:00Z,,http://www.wikidata.org/prop/direct/P735,http://www.wikidata.org/prop/direct/P735,http://www.wikidata.org/entity/Q679755,Constance
http://www.wikidata.org/entity/Q75885993,Henry Scrope,p38067.htm#i380668,,1300-01-01T00:00:00Z,,http://www.wikidata.org/prop/direct/P21,http://www.wikidata.org/prop/direct/P21,http://www.wikidata.org/entity/Q6581097,male
http://www.wikidata.org/entity/Q75885993,Henry Scrope,p38067.htm#i380668,,1300-01-01T00:00:00Z,,http://www.wikidata.org/prop/direct/P22,http://www.wikidata.org/prop/direct/P22,http://www.wikidata.org/entity/Q75885996,Simon Scrope
http://www.wikidata.org/entity/Q75885993,Henry Scrope,p38067.htm#i380668,,1300-01-01T00:00:00Z,,http://www.wikidata.org/prop/direct/P25,http://www.wikidata.org/prop/direct/P25,http://www.wikidata.org/entity/Q75886038,Imgoline (?)
http://www.wikidata.org/entity/Q75885993,Henry Scrope,p38067.htm#i380668,,1300-01-01T00:00:00Z,,http://www.wikidata.org/prop/direct/P26,http://www.wikidata.org/prop/direct/P26,http://www.wikidata.org/entity/Q75885994,Juliane Brune
http://www.wikidata.org/entity/Q75885993,Henry Scrope,p38067.htm#i380668,,1300-01-01T00:00:00Z,,http://www.wikidata.org/prop/direct/P31,http://www.wikidata.org/prop/direct/P31,http://www.wikidata.org/entity/Q5,human
http://www.wikidata.org/entity/Q75885993,Henry Scrope,p38067.htm#i380668,,1300-01-01T00:00:00Z,,http://www.wikidata.org/prop/direct/P40,http://www.wikidata.org/prop/direct/P40,http://www.wikidata.org/entity/Q75885975,William Scrope
http://www.wikidata.org/entity/Q75885993,Henry Scrope,p38067.htm#i380668,,1300-01-01T00:00:00Z,,http://www.wikidata.org/prop/direct/P53,http://www.wikidata.org/prop/direct/P53,http://www.wikidata.org/entity/Q17101625,Scrope family
http://www.wikidata.org/entity/Q75885993,Henry Scrope,p38067.htm#i380668,,1300-01-01T00:00:00Z,,http://www.wikidata.org/prop/direct/P1559,http://www.wikidata.org/prop/direct/P1559,Henry Scrope,Henry Scrope
http://www.wikidata.org/entity/Q75885993,Henry Scrope,p38067.htm#i380668,,1300-01-01T00:00:00Z,,http://www.wikidata.org/prop/direct/P1819,http://www.wikidata.org/prop/direct/P1819,I00304764,I00304764
http://www.wikidata.org/entity/Q75885993,Henry Scrope,p38067.htm#i380668,,1300-01-01T00:00:00Z,,http://www.wikidata.org/prop/direct/P2949,http://www.wikidata.org/prop/direct/P2949,Scrope-54,Scrope-54
http://www.wikidata.org/entity/Q75885993,Henry Scrope,p38067.htm#i380668,,1300-01-01T00:00:00Z,,http://www.wikidata.org/prop/direct/P4638,http://www.wikidata.org/prop/direct/P4638,p38067.htm#i380668,p38067.htm#i380668
http://www.wikidata.org/entity/Q75885993,Henry Scrope,p38067.htm#i380668,,1300-01-01T00:00:00Z,,http://www.wikidata.org/prop/direct/P570,http://www.wikidata.org/prop/direct/P570,1300-01-01T00:00:00Z,1300-01-01T00:00:00Z
http://www.wikidata.org/entity/Q75885993,Henry Scrope,p38067.htm#i380668,,1300-01-01T00:00:00Z,,http://www.wikidata.org/prop/direct/P734,http://www.wikidata.org/prop/direct/P734,http://www.wikidata.org/entity/Q105609458,Scrope
http://www.wikidata.org/entity/Q75885993,Henry Scrope,p38067.htm#i380668,,1300-01-01T00:00:00Z,,http://www.wikidata.org/prop/direct/P735,http://www.wikidata.org/prop/direct/P735,http://www.wikidata.org/entity/Q1158477,Henry
http://www.wikidata.org/entity/Q75885994,Juliane Brune,p38067.htm#i380669,1185-01-01T00:00:00Z,1223-01-01T00:00:00Z,,http://www.wikidata.org/prop/direct/P21,http://www.wikidata.org/prop/direct/P21,http://www.wikidata.org/entity/Q6581072,female
http://www.wikidata.org/entity/Q75885994,Juliane Brune,p38067.htm#i380669,1185-01-01T00:00:00Z,1223-01-01T00:00:00Z,,http://www.wikidata.org/prop/direct/P22,http://www.wikidata.org/prop/direct/P22,http://www.wikidata.org/entity/Q111449108,Q111449108
http://www.wikidata.org/entity/Q75885994,Juliane Brune,p38067.htm#i380669,1185-01-01T00:00:00Z,1223-01-01T00:00:00Z,,http://www.wikidata.org/prop/direct/P26,http://www.wikidata.org/prop/direct/P26,http://www.wikidata.org/entity/Q75885993,Henry Scrope
http://www.wikidata.org/entity/Q75885994,Juliane Brune,p38067.htm#i380669,1185-01-01T00:00:00Z,1223-01-01T00:00:00Z,,http://www.wikidata.org/prop/direct/P31,http://www.wikidata.org/prop/direct/P31,http://www.wikidata.org/entity/Q5,human
http://www.wikidata.org/entity/Q75885994,Juliane Brune,p38067.htm#i380669,1185-01-01T00:00:00Z,1223-01-01T00:00:00Z,,http://www.wikidata.org/prop/direct/P40,http://www.wikidata.org/prop/direct/P40,http://www.wikidata.org/entity/Q75885975,William Scrope
http://www.wikidata.org/entity/Q75885994,Juliane Brune,p38067.htm#i380669,1185-01-01T00:00:00Z,1223-01-01T00:00:00Z,,http://www.wikidata.org/prop/direct/P2949,http://www.wikidata.org/prop/direct/P2949,Brun-15,Brun-15
http://www.wikidata.org/entity/Q75885994,Juliane Brune,p38067.htm#i380669,1185-01-01T00:00:00Z,1223-01-01T00:00:00Z,,http://www.wikidata.org/prop/direct/P4638,http://www.wikidata.org/prop/direct/P4638,p38067.htm#i380669,p38067.htm#i380669
http://www.wikidata.org/entity/Q75885994,Juliane Brune,p38067.htm#i380669,1185-01-01T00:00:00Z,1223-01-01T00:00:00Z,,http://www.wikidata.org/prop/direct/P569,http://www.wikidata.org/prop/direct/P569,1185-01-01T00:00:00Z,1185-01-01T00:00:00Z
http://www.wikidata.org/entity/Q75885994,Juliane Brune,p38067.htm#i380669,1185-01-01T00:00:00Z,1223-01-01T00:00:00Z,,http://www.wikidata.org/prop/direct/P570,http://www.wikidata.org/prop/direct/P570,1223-01-01T00:00:00Z,1223-01-01T00:00:00Z
http://www.wikidata.org/entity/Q75885994,Juliane Brune,p38067.htm#i380669,1185-01-01T00:00:00Z,1223-01-01T00:00:00Z,,http://www.wikidata.org/prop/direct/P735,http://www.wikidata.org/prop/direct/P735,http://www.wikidata.org/entity/Q351311,Juliane
http://www.wikidata.org/entity/Q75886039,Isabel Clare,p38071.htm#i380703,1264-01-01T00:00:00Z,1338-01-01T00:00:00Z,,http://www.wikidata.org/prop/direct/P21,http://www.wikidata.org/prop/direct/P21,http://www.wikidata.org/entity/Q6581072,female
http://www.wikidata.org/entity/Q75886039,Isabel Clare,p38071.htm#i380703,1264-01-01T00:00:00Z,1338-01-01T00:00:00Z,,http://www.wikidata.org/prop/direct/P22,http://www.wikidata.org/prop/direct/P22,http://www.wikidata.org/entity/Q75918796,William Clare
http://www.wikidata.org/entity/Q75886039,Isabel Clare,p38071.htm#i380703,1264-01-01T00:00:00Z,1338-01-01T00:00:00Z,,http://www.wikidata.org/prop/direct/P26,http://www.wikidata.org/prop/direct/P26,http://www.wikidata.org/entity/Q75775281,Ralph de Rockley
http://www.wikidata.org/entity/Q75886039,Isabel Clare,p38071.htm#i380703,1264-01-01T00:00:00Z,1338-01-01T00:00:00Z,,http://www.wikidata.org/prop/direct/P31,http://www.wikidata.org/prop/direct/P31,http://www.wikidata.org/entity/Q5,human
http://www.wikidata.org/entity/Q75886039,Isabel Clare,p38071.htm#i380703,1264-01-01T00:00:00Z,1338-01-01T00:00:00Z,,http://www.wikidata.org/prop/direct/P40,http://www.wikidata.org/prop/direct/P40,http://www.wikidata.org/entity/Q75561312,Anne de Rockley
http://www.wikidata.org/entity/Q75886039,Isabel Clare,p38071.htm#i380703,1264-01-01T00:00:00Z,1338-01-01T00:00:00Z,,http://www.wikidata.org/prop/direct/P1819,http://www.wikidata.org/prop/direct/P1819,I00592004,I00592004
http://www.wikidata.org/entity/Q75886039,Isabel Clare,p38071.htm#i380703,1264-01-01T00:00:00Z,1338-01-01T00:00:00Z,,http://www.wikidata.org/prop/direct/P2949,http://www.wikidata.org/prop/direct/P2949,Clare-515,Clare-515
http://www.wikidata.org/entity/Q75886039,Isabel Clare,p38071.htm#i380703,1264-01-01T00:00:00Z,1338-01-01T00:00:00Z,,http://www.wikidata.org/prop/direct/P4638,http://www.wikidata.org/prop/direct/P4638,p38071.htm#i380703,p38071.htm#i380703
http://www.wikidata.org/entity/Q75886039,Isabel Clare,p38071.htm#i380703,1264-01-01T00:00:00Z,1338-01-01T00:00:00Z,,http://www.wikidata.org/prop/direct/P569,http://www.wikidata.org/prop/direct/P569,1264-01-01T00:00:00Z,1264-01-01T00:00:00Z
http://www.wikidata.org/entity/Q75886039,Isabel Clare,p38071.htm#i380703,1264-01-01T00:00:00Z,1338-01-01T00:00:00Z,,http://www.wikidata.org/prop/direct/P570,http://www.wikidata.org/prop/direct/P570,1338-01-01T00:00:00Z,1338-01-01T00:00:00Z
http://www.wikidata.org/entity/Q75886039,Isabel Clare,p38071.htm#i380703,1264-01-01T00:00:00Z,1338-01-01T00:00:00Z,,http://www.wikidata.org/prop/direct/P734,http://www.wikidata.org/prop/direct/P734,http://www.wikidata.org/entity/Q16865614,Clare
http://www.wikidata.org/entity/Q75886039,Isabel Clare,p38071.htm#i380703,1264-01-01T00:00:00Z,1338-01-01T00:00:00Z,,http://www.wikidata.org/prop/direct/P735,http://www.wikidata.org/prop/direct/P735,http://www.wikidata.org/entity/Q4218918,Isabel
http://www.wikidata.org/entity/Q75886110,Gerard III van Limburg,p38076.htm#i380757,1185-01-01T00:00:00Z,1254-03-10T00:00:00Z,,http://www.wikidata.org/prop/direct/P21,http://www.wikidata.org/prop/direct/P21,http://www.wikidata.org/entity/Q6581097,male
http://www.wikidata.org/entity/Q75886110,Gerard III van Limburg,p38076.htm#i380757,1185-01-01T00:00:00Z,1254-03-10T00:00:00Z,,http://www.wikidata.org/prop/direct/P22,http://www.wikidata.org/prop/direct/P22,http://www.wikidata.org/entity/Q122329999,"Gerhard II, Graf von Wassenberg"
http://www.wikidata.org/entity/Q75886110,Gerard III van Limburg,p38076.htm#i380757,1185-01-01T00:00:00Z,1254-03-10T00:00:00Z,,http://www.wikidata.org/prop/direct/P25,http://www.wikidata.org/prop/direct/P25,http://www.wikidata.org/entity/Q122330487,Beatrix van Merheim
http://www.wikidata.org/entity/Q75886110,Gerard III van Limburg,p38076.htm#i380757,1185-01-01T00:00:00Z,1254-03-10T00:00:00Z,,http://www.wikidata.org/prop/direct/P26,http://www.wikidata.org/prop/direct/P26,http://www.wikidata.org/entity/Q16034142,Élisabeth de Brabant
http://www.wikidata.org/entity/Q75886110,Gerard III van Limburg,p38076.htm#i380757,1185-01-01T00:00:00Z,1254-03-10T00:00:00Z,,http://www.wikidata.org/prop/direct/P31,http://www.wikidata.org/prop/direct/P31,http://www.wikidata.org/entity/Q5,human
http://www.wikidata.org/entity/Q75886110,Gerard III van Limburg,p38076.htm#i380757,1185-01-01T00:00:00Z,1254-03-10T00:00:00Z,,http://www.wikidata.org/prop/direct/P1185,http://www.wikidata.org/prop/direct/P1185,903455,903455
http://www.wikidata.org/entity/Q75886110,Gerard III van Limburg,p38076.htm#i380757,1185-01-01T00:00:00Z,1254-03-10T00:00:00Z,,http://www.wikidata.org/prop/direct/P1819,http://www.wikidata.org/prop/direct/P1819,I00503563,I00503563
http://www.wikidata.org/entity/Q75886110,Gerard III van Limburg,p38076.htm#i380757,1185-01-01T00:00:00Z,1254-03-10T00:00:00Z,,http://www.wikidata.org/prop/direct/P2949,http://www.wikidata.org/prop/direct/P2949,Limburg-56,Limburg-56
http://www.wikidata.org/entity/Q75886110,Gerard III van Limburg,p38076.htm#i380757,1185-01-01T00:00:00Z,1254-03-10T00:00:00Z,,http://www.wikidata.org/prop/direct/P4638,http://www.wikidata.org/prop/direct/P4638,p38076.htm#i380757,p38076.htm#i380757
http://www.wikidata.org/entity/Q75886110,Gerard III van Limburg,p38076.htm#i380757,1185-01-01T00:00:00Z,1254-03-10T00:00:00Z,,http://www.wikidata.org/prop/direct/P569,http://www.wikidata.org/prop/direct/P569,1185-01-01T00:00:00Z,1185-01-01T00:00:00Z
http://www.wikidata.org/entity/Q75886110,Gerard III van Limburg,p38076.htm#i380757,1185-01-01T00:00:00Z,1254-03-10T00:00:00Z,,http://www.wikidata.org/prop/direct/P570,http://www.wikidata.org/prop/direct/P570,1254-03-10T00:00:00Z,1254-03-10T00:00:00Z
http://www.wikidata.org/entity/Q75886110,Gerard III van Limburg,p38076.htm#i380757,1185-01-01T00:00:00Z,1254-03-10T00:00:00Z,,http://www.wikidata.org/prop/direct/P735,http://www.wikidata.org/prop/direct/P735,http://www.wikidata.org/entity/Q1261347,Gerard
http://www.wikidata.org/entity/Q75886110,Gerard III van Limburg,p38076.htm#i380757,1185-01-01T00:00:00Z,1254-03-10T00:00:00Z,,http://www.wikidata.org/prop/direct/P7929,http://www.wikidata.org/prop/direct/P7929,p=gerhard;n=von wassenberg,p=gerhard;n=von wassenberg
http://www.wikidata.org/entity/Q75886187,"Guillaume de Tinieres, Seigneur de Tinieres",p38082.htm#i380816,,,1339-01-01T00:00:00Z,http://www.wikidata.org/prop/direct/P21,http://www.wikidata.org/prop/direct/P21,http://www.wikidata.org/entity/Q6581097,male
http://www.wikidata.org/entity/Q75886187,"Guillaume de Tinieres, Seigneur de Tinieres",p38082.htm#i380816,,,1339-01-01T00:00:00Z,http://www.wikidata.org/prop/direct/P26,http://www.wikidata.org/prop/direct/P26,http://www.wikidata.org/entity/Q75886190,Agnes de Montal
http://www.wikidata.org/entity/Q75886187,"Guillaume de Tinieres, Seigneur de Tinieres",p38082.htm#i380816,,,1339-01-01T00:00:00Z,http://www.wikidata.org/prop/direct/P31,http://www.wikidata.org/prop/direct/P31,http://www.wikidata.org/entity/Q5,human
http://www.wikidata.org/entity/Q75886187,"Guillaume de Tinieres, Seigneur de Tinieres",p38082.htm#i380816,,,1339-01-01T00:00:00Z,http://www.wikidata.org/prop/direct/P40,http://www.wikidata.org/prop/direct/P40,http://www.wikidata.org/entity/Q123565515,Q123565515
http://www.wikidata.org/entity/Q75886187,"Guillaume de Tinieres, Seigneur de Tinieres",p38082.htm#i380816,,,1339-01-01T00:00:00Z,http://www.wikidata.org/prop/direct/P40,http://www.wikidata.org/prop/direct/P40,http://www.wikidata.org/entity/Q75886189,Dauphine de Tinieres
http://www.wikidata.org/entity/Q75886187,"Guillaume de Tinieres, Seigneur de Tinieres",p38082.htm#i380816,,,1339-01-01T00:00:00Z,http://www.wikidata.org/prop/direct/P94,http://www.wikidata.org/prop/direct/P94,http://commons.wikimedia.org/wiki/Special:FilePath/Blason-or-croix-ancr%C3%A9e-azur.svg,http://commons.wikimedia.org/wiki/Special:FilePath/Blason-or-croix-ancr%C3%A9e-azur.svg
http://www.wikidata.org/entity/Q75886187,"Guillaume de Tinieres, Seigneur de Tinieres",p38082.htm#i380816,,,1339-01-01T00:00:00Z,http://www.wikidata.org/prop/direct/P1317,http://www.wikidata.org/prop/direct/P1317,1339-01-01T00:00:00Z,1339-01-01T00:00:00Z
http://www.wikidata.org/entity/Q75886187,"Guillaume de Tinieres, Seigneur de Tinieres",p38082.htm#i380816,,,1339-01-01T00:00:00Z,http://www.wikidata.org/prop/direct/P4638,http://www.wikidata.org/prop/direct/P4638,p38082.htm#i380816,p38082.htm#i380816
http://www.wikidata.org/entity/Q75886187,"Guillaume de Tinieres, Seigneur de Tinieres",p38082.htm#i380816,,,1339-01-01T00:00:00Z,http://www.wikidata.org/prop/direct/P735,http://www.wikidata.org/prop/direct/P735,http://www.wikidata.org/entity/Q18190448,Guillaume
http://www.wikidata.org/entity/Q75886187,"Guillaume de Tinieres, Seigneur de Tinieres",p38082.htm#i380816,,,1339-01-01T00:00:00Z,http://www.wikidata.org/prop/direct/P7929,http://www.wikidata.org/prop/direct/P7929,p=guillaume;n=de+tinieres;,p=guillaume;n=de+tinieres;
http://www.wikidata.org/entity/Q75886191,"Thomas de Montmorin, Seigneur de Montmorin",p38082.htm#i380819,,1360-01-01T00:00:00Z,,http://www.wikidata.org/prop/direct/P21,http://www.wikidata.org/prop/direct/P21,http://www.wikidata.org/entity/Q6581097,male
http://www.wikidata.org/entity/Q75886191,"Thomas de Montmorin, Seigneur de Montmorin",p38082.htm#i380819,,1360-01-01T00:00:00Z,,http://www.wikidata.org/prop/direct/P22,http://www.wikidata.org/prop/direct/P22,http://www.wikidata.org/entity/Q108838622,"Bompar, Seigneur de Montmorin"
http://www.wikidata.org/entity/Q75886191,"Thomas de Montmorin, Seigneur de Montmorin",p38082.htm#i380819,,1360-01-01T00:00:00Z,,http://www.wikidata.org/prop/direct/P22,http://www.wikidata.org/prop/direct/P22,http://www.wikidata.org/entity/Q75886212,"Bompon de Montmorin, Seigneur de Montmorin"
http://www.wikidata.org/entity/Q75886191,"Thomas de Montmorin, Seigneur de Montmorin",p38082.htm#i380819,,1360-01-01T00:00:00Z,,http://www.wikidata.org/prop/direct/P25,http://www.wikidata.org/prop/direct/P25,http://www.wikidata.org/entity/Q108838625,Françoise Flotte
http://www.wikidata.org/entity/Q75886191,"Thomas de Montmorin, Seigneur de Montmorin",p38082.htm#i380819,,1360-01-01T00:00:00Z,,http://www.wikidata.org/prop/direct/P25,http://www.wikidata.org/prop/direct/P25,http://www.wikidata.org/entity/Q75886228,Françoise de Flotte
http://www.wikidata.org/entity/Q75886191,"Thomas de Montmorin, Seigneur de Montmorin",p38082.htm#i380819,,1360-01-01T00:00:00Z,,http://www.wikidata.org/prop/direct/P26,http://www.wikidata.org/prop/direct/P26,http://www.wikidata.org/entity/Q75886192,Algaye de Narbonne
http://www.wikidata.org/entity/Q75886191,"Thomas de Montmorin, Seigneur de Montmorin",p38082.htm#i380819,,1360-01-01T00:00:00Z,,http://www.wikidata.org/prop/direct/P31,http://www.wikidata.org/prop/direct/P31,http://www.wikidata.org/entity/Q5,human
http://www.wikidata.org/entity/Q75886191,"Thomas de Montmorin, Seigneur de Montmorin",p38082.htm#i380819,,1360-01-01T00:00:00Z,,http://www.wikidata.org/prop/direct/P40,http://www.wikidata.org/prop/direct/P40,http://www.wikidata.org/entity/Q108838600,"Jacques de Montmorin, Seigneur d'Auzon, de Rillat"
http://www.wikidata.org/entity/Q75886191,"Thomas de Montmorin, Seigneur de Montmorin",p38082.htm#i380819,,1360-01-01T00:00:00Z,,http://www.wikidata.org/prop/direct/P40,http://www.wikidata.org/prop/direct/P40,http://www.wikidata.org/entity/Q75886178,"Geoffrey de Montmorin, Seigneur de Montmorin"
http://www.wikidata.org/entity/Q75886191,"Thomas de Montmorin, Seigneur de Montmorin",p38082.htm#i380819,,1360-01-01T00:00:00Z,,http://www.wikidata.org/prop/direct/P94,http://www.wikidata.org/prop/direct/P94,http://commons.wikimedia.org/wiki/Special:FilePath/Blason%20famille%20fr%20de%20Montmorin.svg,http://commons.wikimedia.org/wiki/Special:FilePath/Blason%20famille%20fr%20de%20Montmorin.svg
http://www.wikidata.org/entity/Q75886191,"Thomas de Montmorin, Seigneur de Montmorin",p38082.htm#i380819,,1360-01-01T00:00:00Z,,http://www.wikidata.org/prop/direct/P1819,http://www.wikidata.org/prop/direct/P1819,I00415690,I00415690
http://www.wikidata.org/entity/Q75886191,"Thomas de Montmorin, Seigneur de Montmorin",p38082.htm#i380819,,1360-01-01T00:00:00Z,,http://www.wikidata.org/prop/direct/P4638,http://www.wikidata.org/prop/direct/P4638,p38082.htm#i380819,p38082.htm#i380819
http://www.wikidata.org/entity/Q75886191,"Thomas de Montmorin, Seigneur de Montmorin",p38082.htm#i380819,,1360-01-01T00:00:00Z,,http://www.wikidata.org/prop/direct/P570,http://www.wikidata.org/prop/direct/P570,1360-01-01T00:00:00Z,1360-01-01T00:00:00Z
http://www.wikidata.org/entity/Q75886191,"Thomas de Montmorin, Seigneur de Montmorin",p38082.htm#i380819,,1360-01-01T00:00:00Z,,http://www.wikidata.org/prop/direct/P735,http://www.wikidata.org/prop/direct/P735,http://www.wikidata.org/entity/Q16428906,Thomas
http://www.wikidata.org/entity/Q75886191,"Thomas de Montmorin, Seigneur de Montmorin",p38082.htm#i380819,,1360-01-01T00:00:00Z,,http://www.wikidata.org/prop/direct/P7929,http://www.wikidata.org/prop/direct/P7929,p=thomas;n=de montmorin,p=thomas;n=de montmorin
http://www.wikidata.org/entity/Q75886212,"Bompon de Montmorin, Seigneur de Montmorin",p38084.htm#i380836,,1337-01-01T00:00:00Z,,http://www.wikidata.org/prop/direct/P21,http://www.wikidata.org/prop/direct/P21,http://www.wikidata.org/entity/Q6581097,male
http://www.wikidata.org/entity/Q75886212,"Bompon de Montmorin, Seigneur de Montmorin",p38084.htm#i380836,,1337-01-01T00:00:00Z,,http://www.wikidata.org/prop/direct/P22,http://www.wikidata.org/prop/direct/P22,http://www.wikidata.org/entity/Q75901022,"Hugues IV de Montmorin, Seigneur de Montmorin"
http://www.wikidata.org/entity/Q75886212,"Bompon de Montmorin, Seigneur de Montmorin",p38084.htm#i380836,,1337-01-01T00:00:00Z,,http://www.wikidata.org/prop/direct/P26,http://www.wikidata.org/prop/direct/P26,http://www.wikidata.org/entity/Q75886228,Françoise de Flotte
http://www.wikidata.org/entity/Q75886212,"Bompon de Montmorin, Seigneur de Montmorin",p38084.htm#i380836,,1337-01-01T00:00:00Z,,http://www.wikidata.org/prop/direct/P31,http://www.wikidata.org/prop/direct/P31,http://www.wikidata.org/entity/Q5,human
http://www.wikidata.org/entity/Q75886212,"Bompon de Montmorin, Seigneur de Montmorin",p38084.htm#i380836,,1337-01-01T00:00:00Z,,http://www.wikidata.org/prop/direct/P40,http://www.wikidata.org/prop/direct/P40,http://www.wikidata.org/entity/Q75886191,"Thomas de Montmorin, Seigneur de Montmorin"
http://www.wikidata.org/entity/Q75886212,"Bompon de Montmorin, Seigneur de Montmorin",p38084.htm#i380836,,1337-01-01T00:00:00Z,,http://www.wikidata.org/prop/direct/P94,http://www.wikidata.org/prop/direct/P94,http://commons.wikimedia.org/wiki/Special:FilePath/Blason%20famille%20fr%20de%20Montmorin.svg,http://commons.wikimedia.org/wiki/Special:FilePath/Blason%20famille%20fr%20de%20Montmorin.svg
http://www.wikidata.org/entity/Q75886212,"Bompon de Montmorin, Seigneur de Montmorin",p38084.htm#i380836,,1337-01-01T00:00:00Z,,http://www.wikidata.org/prop/direct/P4638,http://www.wikidata.org/prop/direct/P4638,p38084.htm#i380836,p38084.htm#i380836
http://www.wikidata.org/entity/Q75886212,"Bompon de Montmorin, Seigneur de Montmorin",p38084.htm#i380836,,1337-01-01T00:00:00Z,,http://www.wikidata.org/prop/direct/P570,http://www.wikidata.org/prop/direct/P570,1337-01-01T00:00:00Z,1337-01-01T00:00:00Z
http://www.wikidata.org/entity/Q75886888,Margaret de Brockbury,p38137.htm#i381363,1350-01-01T00:00:00Z,1391-08-25T00:00:00Z,,http://www.wikidata.org/prop/direct/P21,http://www.wikidata.org/prop/direct/P21,http://www.wikidata.org/entity/Q6581072,female
http://www.wikidata.org/entity/Q75886888,Margaret de Brockbury,p38137.htm#i381363,1350-01-01T00:00:00Z,1391-08-25T00:00:00Z,,http://www.wikidata.org/prop/direct/P22,http://www.wikidata.org/prop/direct/P22,http://www.wikidata.org/entity/Q76344527,Simon de Brockbury
http://www.wikidata.org/entity/Q75886888,Margaret de Brockbury,p38137.htm#i381363,1350-01-01T00:00:00Z,1391-08-25T00:00:00Z,,http://www.wikidata.org/prop/direct/P25,http://www.wikidata.org/prop/direct/P25,http://www.wikidata.org/entity/Q76344529,Joan de la Mare
http://www.wikidata.org/entity/Q75886888,Margaret de Brockbury,p38137.htm#i381363,1350-01-01T00:00:00Z,1391-08-25T00:00:00Z,,http://www.wikidata.org/prop/direct/P26,http://www.wikidata.org/prop/direct/P26,http://www.wikidata.org/entity/Q75400669,Sir William Seymour
http://www.wikidata.org/entity/Q75886888,Margaret de Brockbury,p38137.htm#i381363,1350-01-01T00:00:00Z,1391-08-25T00:00:00Z,,http://www.wikidata.org/prop/direct/P31,http://www.wikidata.org/prop/direct/P31,http://www.wikidata.org/entity/Q5,human
http://www.wikidata.org/entity/Q75886888,Margaret de Brockbury,p38137.htm#i381363,1350-01-01T00:00:00Z,1391-08-25T00:00:00Z,,http://www.wikidata.org/prop/direct/P40,http://www.wikidata.org/prop/direct/P40,http://www.wikidata.org/entity/Q75400672,Roger Seymour
http://www.wikidata.org/entity/Q75886888,Margaret de Brockbury,p38137.htm#i381363,1350-01-01T00:00:00Z,1391-08-25T00:00:00Z,,http://www.wikidata.org/prop/direct/P1819,http://www.wikidata.org/prop/direct/P1819,I00091791,I00091791
http://www.wikidata.org/entity/Q75886888,Margaret de Brockbury,p38137.htm#i381363,1350-01-01T00:00:00Z,1391-08-25T00:00:00Z,,http://www.wikidata.org/prop/direct/P2949,http://www.wikidata.org/prop/direct/P2949,Brockbury-2,Brockbury-2
http://www.wikidata.org/entity/Q75886888,Margaret de Brockbury,p38137.htm#i381363,1350-01-01T00:00:00Z,1391-08-25T00:00:00Z,,http://www.wikidata.org/prop/direct/P4159,http://www.wikidata.org/prop/direct/P4159,Margaret_De_Brockbury_(1),Margaret_De_Brockbury_(1)
http://www.wikidata.org/entity/Q75886888,Margaret de Brockbury,p38137.htm#i381363,1350-01-01T00:00:00Z,1391-08-25T00:00:00Z,,http://www.wikidata.org/prop/direct/P4638,http://www.wikidata.org/prop/direct/P4638,p38137.htm#i381363,p38137.htm#i381363
http://www.wikidata.org/entity/Q75886888,Margaret de Brockbury,p38137.htm#i381363,1350-01-01T00:00:00Z,1391-08-25T00:00:00Z,,http://www.wikidata.org/prop/direct/P569,http://www.wikidata.org/prop/direct/P569,1350-01-01T00:00:00Z,1350-01-01T00:00:00Z
http://www.wikidata.org/entity/Q75886888,Margaret de Brockbury,p38137.htm#i381363,1350-01-01T00:00:00Z,1391-08-25T00:00:00Z,,http://www.wikidata.org/prop/direct/P570,http://www.wikidata.org/prop/direct/P570,1391-08-25T00:00:00Z,1391-08-25T00:00:00Z
http://www.wikidata.org/entity/Q75886888,Margaret de Brockbury,p38137.htm#i381363,1350-01-01T00:00:00Z,1391-08-25T00:00:00Z,,http://www.wikidata.org/prop/direct/P735,http://www.wikidata.org/prop/direct/P735,http://www.wikidata.org/entity/Q4963612,Margaret
http://www.wikidata.org/entity/Q75886888,Margaret de Brockbury,p38137.htm#i381363,1350-01-01T00:00:00Z,1391-08-25T00:00:00Z,,http://www.wikidata.org/prop/direct/P7929,http://www.wikidata.org/prop/direct/P7929,p=margaret;n=de brockbury,p=margaret;n=de brockbury
http://www.wikidata.org/entity/Q75887074,"Jeanne de Pierrepont, dame de Blazan",p38151.htm#i381503,,1361-01-10T00:00:00Z,,http://www.wikidata.org/prop/direct/P21,http://www.wikidata.org/prop/direct/P21,http://www.wikidata.org/entity/Q6581072,female
http://www.wikidata.org/entity/Q75887074,"Jeanne de Pierrepont, dame de Blazan",p38151.htm#i381503,,1361-01-10T00:00:00Z,,http://www.wikidata.org/prop/direct/P22,http://www.wikidata.org/prop/direct/P22,http://www.wikidata.org/entity/Q1696441,Johann V de Roucy
http://www.wikidata.org/entity/Q75887074,"Jeanne de Pierrepont, dame de Blazan",p38151.htm#i381503,,1361-01-10T00:00:00Z,,http://www.wikidata.org/prop/direct/P25,http://www.wikidata.org/prop/direct/P25,http://www.wikidata.org/entity/Q102817561,"Marguerite de Beaumetz, Dame de Blason et de Mirebeau"
http://www.wikidata.org/entity/Q75887074,"Jeanne de Pierrepont, dame de Blazan",p38151.htm#i381503,,1361-01-10T00:00:00Z,,http://www.wikidata.org/prop/direct/P26,http://www.wikidata.org/prop/direct/P26,http://www.wikidata.org/entity/Q2959418,Charles de Montmorency
http://www.wikidata.org/entity/Q75887074,"Jeanne de Pierrepont, dame de Blazan",p38151.htm#i381503,,1361-01-10T00:00:00Z,,http://www.wikidata.org/prop/direct/P31,http://www.wikidata.org/prop/direct/P31,http://www.wikidata.org/entity/Q5,human
http://www.wikidata.org/entity/Q75887074,"Jeanne de Pierrepont, dame de Blazan",p38151.htm#i381503,,1361-01-10T00:00:00Z,,http://www.wikidata.org/prop/direct/P40,http://www.wikidata.org/prop/direct/P40,http://www.wikidata.org/entity/Q113021495,"Jeanne de Montmorency, Dame de Damville"
http://www.wikidata.org/entity/Q75887074,"Jeanne de Pierrepont, dame de Blazan",p38151.htm#i381503,,1361-01-10T00:00:00Z,,http://www.wikidata.org/prop/direct/P40,http://www.wikidata.org/prop/direct/P40,http://www.wikidata.org/entity/Q75901474,Marguerite de Montmorency
http://www.wikidata.org/entity/Q75887074,"Jeanne de Pierrepont, dame de Blazan",p38151.htm#i381503,,1361-01-10T00:00:00Z,,http://www.wikidata.org/prop/direct/P1185,http://www.wikidata.org/prop/direct/P1185,1009325,1009325
http://www.wikidata.org/entity/Q75887074,"Jeanne de Pierrepont, dame de Blazan",p38151.htm#i381503,,1361-01-10T00:00:00Z,,http://www.wikidata.org/prop/direct/P1819,http://www.wikidata.org/prop/direct/P1819,I00197563,I00197563
http://www.wikidata.org/entity/Q75887074,"Jeanne de Pierrepont, dame de Blazan",p38151.htm#i381503,,1361-01-10T00:00:00Z,,http://www.wikidata.org/prop/direct/P2949,http://www.wikidata.org/prop/direct/P2949,Roucy-67,Roucy-67
http://www.wikidata.org/entity/Q75887074,"Jeanne de Pierrepont, dame de Blazan",p38151.htm#i381503,,1361-01-10T00:00:00Z,,http://www.wikidata.org/prop/direct/P4159,http://www.wikidata.org/prop/direct/P4159,Jeanne_De_Roucy_(1),Jeanne_De_Roucy_(1)
http://www.wikidata.org/entity/Q75887074,"Jeanne de Pierrepont, dame de Blazan",p38151.htm#i381503,,1361-01-10T00:00:00Z,,http://www.wikidata.org/prop/direct/P4638,http://www.wikidata.org/prop/direct/P4638,p38151.htm#i381503,p38151.htm#i381503
http://www.wikidata.org/entity/Q75887074,"Jeanne de Pierrepont, dame de Blazan",p38151.htm#i381503,,1361-01-10T00:00:00Z,,http://www.wikidata.org/prop/direct/P570,http://www.wikidata.org/prop/direct/P570,1361-01-10T00:00:00Z,1361-01-10T00:00:00Z
http://www.wikidata.org/entity/Q75887074,"Jeanne de Pierrepont, dame de Blazan",p38151.htm#i381503,,1361-01-10T00:00:00Z,,http://www.wikidata.org/prop/direct/P735,http://www.wikidata.org/prop/direct/P735,http://www.wikidata.org/entity/Q2438057,Jeanne
http://www.wikidata.org/entity/Q75887074,"Jeanne de Pierrepont, dame de Blazan",p38151.htm#i381503,,1361-01-10T00:00:00Z,,http://www.wikidata.org/prop/direct/P7929,http://www.wikidata.org/prop/direct/P7929,p=jeanne;n=de roucy;oc=77,p=jeanne;n=de roucy;oc=77
http://www.wikidata.org/entity/Q75887479,Mechtild von Kleve,p38181.htm#i381805,1235-01-01T00:00:00Z,1304-01-01T00:00:00Z,,http://www.wikidata.org/prop/direct/P21,http://www.wikidata.org/prop/direct/P21,http://www.wikidata.org/entity/Q6581072,female
http://www.wikidata.org/entity/Q75887479,Mechtild von Kleve,p38181.htm#i381805,1235-01-01T00:00:00Z,1304-01-01T00:00:00Z,,http://www.wikidata.org/prop/direct/P22,http://www.wikidata.org/prop/direct/P22,http://www.wikidata.org/entity/Q1224118,Thierry de Clèves
http://www.wikidata.org/entity/Q75887479,Mechtild von Kleve,p38181.htm#i381805,1235-01-01T00:00:00Z,1304-01-01T00:00:00Z,,http://www.wikidata.org/prop/direct/P25,http://www.wikidata.org/prop/direct/P25,http://www.wikidata.org/entity/Q16034142,Élisabeth de Brabant
http://www.wikidata.org/entity/Q75887479,Mechtild von Kleve,p38181.htm#i381805,1235-01-01T00:00:00Z,1304-01-01T00:00:00Z,,http://www.wikidata.org/prop/direct/P26,http://www.wikidata.org/prop/direct/P26,http://www.wikidata.org/entity/Q1511219,Gerard I of Durbuy
http://www.wikidata.org/entity/Q75887479,Mechtild von Kleve,p38181.htm#i381805,1235-01-01T00:00:00Z,1304-01-01T00:00:00Z,,http://www.wikidata.org/prop/direct/P31,http://www.wikidata.org/prop/direct/P31,http://www.wikidata.org/entity/Q5,human
http://www.wikidata.org/entity/Q75887479,Mechtild von Kleve,p38181.htm#i381805,1235-01-01T00:00:00Z,1304-01-01T00:00:00Z,,http://www.wikidata.org/prop/direct/P40,http://www.wikidata.org/prop/direct/P40,http://www.wikidata.org/entity/Q110377910,"Isabelle de Durbuy, Heiress of Roussy"
http://www.wikidata.org/entity/Q75887479,Mechtild von Kleve,p38181.htm#i381805,1235-01-01T00:00:00Z,1304-01-01T00:00:00Z,,http://www.wikidata.org/prop/direct/P40,http://www.wikidata.org/prop/direct/P40,http://www.wikidata.org/entity/Q75887482,Marguerite de Luxembourg
http://www.wikidata.org/entity/Q75887479,Mechtild von Kleve,p38181.htm#i381805,1235-01-01T00:00:00Z,1304-01-01T00:00:00Z,,http://www.wikidata.org/prop/direct/P40,http://www.wikidata.org/prop/direct/P40,http://www.wikidata.org/entity/Q76207801,Catharina van Limburg
http://www.wikidata.org/entity/Q75887479,Mechtild von Kleve,p38181.htm#i381805,1235-01-01T00:00:00Z,1304-01-01T00:00:00Z,,http://www.wikidata.org/prop/direct/P40,http://www.wikidata.org/prop/direct/P40,http://www.wikidata.org/entity/Q76207823,Irmengarde van Limburg
http://www.wikidata.org/entity/Q75887479,Mechtild von Kleve,p38181.htm#i381805,1235-01-01T00:00:00Z,1304-01-01T00:00:00Z,,http://www.wikidata.org/prop/direct/P1819,http://www.wikidata.org/prop/direct/P1819,I00012360,I00012360
http://www.wikidata.org/entity/Q75887479,Mechtild von Kleve,p38181.htm#i381805,1235-01-01T00:00:00Z,1304-01-01T00:00:00Z,,http://www.wikidata.org/prop/direct/P2949,http://www.wikidata.org/prop/direct/P2949,Kleve-81,Kleve-81
http://www.wikidata.org/entity/Q75887479,Mechtild von Kleve,p38181.htm#i381805,1235-01-01T00:00:00Z,1304-01-01T00:00:00Z,,http://www.wikidata.org/prop/direct/P4638,http://www.wikidata.org/prop/direct/P4638,p38181.htm#i381805,p38181.htm#i381805
http://www.wikidata.org/entity/Q75887479,Mechtild von Kleve,p38181.htm#i381805,1235-01-01T00:00:00Z,1304-01-01T00:00:00Z,,http://www.wikidata.org/prop/direct/P569,http://www.wikidata.org/prop/direct/P569,1235-01-01T00:00:00Z,1235-01-01T00:00:00Z
http://www.wikidata.org/entity/Q75887479,Mechtild von Kleve,p38181.htm#i381805,1235-01-01T00:00:00Z,1304-01-01T00:00:00Z,,http://www.wikidata.org/prop/direct/P570,http://www.wikidata.org/prop/direct/P570,1304-01-01T00:00:00Z,1304-01-01T00:00:00Z
http://www.wikidata.org/entity/Q75887482,Marguerite de Luxembourg,p38181.htm#i381808,1265-01-01T00:00:00Z,,,http://www.wikidata.org/prop/direct/P21,http://www.wikidata.org/prop/direct/P21,http://www.wikidata.org/entity/Q6581072,female
http://www.wikidata.org/entity/Q75887482,Marguerite de Luxembourg,p38181.htm#i381808,1265-01-01T00:00:00Z,,,http://www.wikidata.org/prop/direct/P22,http://www.wikidata.org/prop/direct/P22,http://www.wikidata.org/entity/Q1511219,Gerard I of Durbuy
http://www.wikidata.org/entity/Q75887482,Marguerite de Luxembourg,p38181.htm#i381808,1265-01-01T00:00:00Z,,,http://www.wikidata.org/prop/direct/P25,http://www.wikidata.org/prop/direct/P25,http://www.wikidata.org/entity/Q75887479,Mechtild von Kleve
http://www.wikidata.org/entity/Q75887482,Marguerite de Luxembourg,p38181.htm#i381808,1265-01-01T00:00:00Z,,,http://www.wikidata.org/prop/direct/P26,http://www.wikidata.org/prop/direct/P26,http://www.wikidata.org/entity/Q75887484,"Jean III Ghistelles, Seigneur de Ghistelles"
http://www.wikidata.org/entity/Q75887482,Marguerite de Luxembourg,p38181.htm#i381808,1265-01-01T00:00:00Z,,,http://www.wikidata.org/prop/direct/P31,http://www.wikidata.org/prop/direct/P31,http://www.wikidata.org/entity/Q5,human
http://www.wikidata.org/entity/Q75887482,Marguerite de Luxembourg,p38181.htm#i381808,1265-01-01T00:00:00Z,,,http://www.wikidata.org/prop/direct/P40,http://www.wikidata.org/prop/direct/P40,http://www.wikidata.org/entity/Q75887486,"Jean IV Ghistelles, Seigneur de Ghistelles"
http://www.wikidata.org/entity/Q75887482,Marguerite de Luxembourg,p38181.htm#i381808,1265-01-01T00:00:00Z,,,http://www.wikidata.org/prop/direct/P1819,http://www.wikidata.org/prop/direct/P1819,I00027447,I00027447
http://www.wikidata.org/entity/Q75887482,Marguerite de Luxembourg,p38181.htm#i381808,1265-01-01T00:00:00Z,,,http://www.wikidata.org/prop/direct/P2949,http://www.wikidata.org/prop/direct/P2949,Luxembourg-116,Luxembourg-116
http://www.wikidata.org/entity/Q75887482,Marguerite de Luxembourg,p38181.htm#i381808,1265-01-01T00:00:00Z,,,http://www.wikidata.org/prop/direct/P4638,http://www.wikidata.org/prop/direct/P4638,p38181.htm#i381808,p38181.htm#i381808
http://www.wikidata.org/entity/Q75887482,Marguerite de Luxembourg,p38181.htm#i381808,1265-01-01T00:00:00Z,,,http://www.wikidata.org/prop/direct/P569,http://www.wikidata.org/prop/direct/P569,1265-01-01T00:00:00Z,1265-01-01T00:00:00Z
http://www.wikidata.org/entity/Q75887482,Marguerite de Luxembourg,p38181.htm#i381808,1265-01-01T00:00:00Z,,,http://www.wikidata.org/prop/direct/P735,http://www.wikidata.org/prop/direct/P735,http://www.wikidata.org/entity/Q1587821,Marguerite
http://www.wikidata.org/entity/Q75887482,Marguerite de Luxembourg,p38181.htm#i381808,1265-01-01T00:00:00Z,,,http://www.wikidata.org/prop/direct/P7929,http://www.wikidata.org/prop/direct/P7929,p=marguerite;n=de+luxembourg;oc=4,p=marguerite;n=de+luxembourg;oc=4
http://www.wikidata.org/entity/Q75887484,"Jean III Ghistelles, Seigneur de Ghistelles",p38181.htm#i381809,,1316-01-01T00:00:00Z,,http://www.wikidata.org/prop/direct/P21,http://www.wikidata.org/prop/direct/P21,http://www.wikidata.org/entity/Q6581097,male
http://www.wikidata.org/entity/Q75887484,"Jean III Ghistelles, Seigneur de Ghistelles",p38181.htm#i381809,,1316-01-01T00:00:00Z,,http://www.wikidata.org/prop/direct/P22,http://www.wikidata.org/prop/direct/P22,http://www.wikidata.org/entity/Q113558631,"Jean II de Ghistelles, Heer van Ghistelles"
http://www.wikidata.org/entity/Q75887484,"Jean III Ghistelles, Seigneur de Ghistelles",p38181.htm#i381809,,1316-01-01T00:00:00Z,,http://www.wikidata.org/prop/direct/P25,http://www.wikidata.org/prop/direct/P25,http://www.wikidata.org/entity/Q113558632,Elisabeth de La Woestine
http://www.wikidata.org/entity/Q75887484,"Jean III Ghistelles, Seigneur de Ghistelles",p38181.htm#i381809,,1316-01-01T00:00:00Z,,http://www.wikidata.org/prop/direct/P26,http://www.wikidata.org/prop/direct/P26,http://www.wikidata.org/entity/Q75887482,Marguerite de Luxembourg
http://www.wikidata.org/entity/Q75887484,"Jean III Ghistelles, Seigneur de Ghistelles",p38181.htm#i381809,,1316-01-01T00:00:00Z,,http://www.wikidata.org/prop/direct/P31,http://www.wikidata.org/prop/direct/P31,http://www.wikidata.org/entity/Q5,human
http://www.wikidata.org/entity/Q75887484,"Jean III Ghistelles, Seigneur de Ghistelles",p38181.htm#i381809,,1316-01-01T00:00:00Z,,http://www.wikidata.org/prop/direct/P40,http://www.wikidata.org/prop/direct/P40,http://www.wikidata.org/entity/Q75887486,"Jean IV Ghistelles, Seigneur de Ghistelles"
http://www.wikidata.org/entity/Q75887484,"Jean III Ghistelles, Seigneur de Ghistelles",p38181.htm#i381809,,1316-01-01T00:00:00Z,,http://www.wikidata.org/prop/direct/P1819,http://www.wikidata.org/prop/direct/P1819,I00027446,I00027446
http://www.wikidata.org/entity/Q75887484,"Jean III Ghistelles, Seigneur de Ghistelles",p38181.htm#i381809,,1316-01-01T00:00:00Z,,http://www.wikidata.org/prop/direct/P2949,http://www.wikidata.org/prop/direct/P2949,Ghistelles-7,Ghistelles-7
http://www.wikidata.org/entity/Q75887484,"Jean III Ghistelles, Seigneur de Ghistelles",p38181.htm#i381809,,1316-01-01T00:00:00Z,,http://www.wikidata.org/prop/direct/P4638,http://www.wikidata.org/prop/direct/P4638,p38181.htm#i381809,p38181.htm#i381809
http://www.wikidata.org/entity/Q75887484,"Jean III Ghistelles, Seigneur de Ghistelles",p38181.htm#i381809,,1316-01-01T00:00:00Z,,http://www.wikidata.org/prop/direct/P570,http://www.wikidata.org/prop/direct/P570,1316-01-01T00:00:00Z,1316-01-01T00:00:00Z
http://www.wikidata.org/entity/Q75887484,"Jean III Ghistelles, Seigneur de Ghistelles",p38181.htm#i381809,,1316-01-01T00:00:00Z,,http://www.wikidata.org/prop/direct/P734,http://www.wikidata.org/prop/direct/P734,http://www.wikidata.org/entity/Q107396202,de Ghistelles
http://www.wikidata.org/entity/Q75887484,"Jean III Ghistelles, Seigneur de Ghistelles",p38181.htm#i381809,,1316-01-01T00:00:00Z,,http://www.wikidata.org/prop/direct/P735,http://www.wikidata.org/prop/direct/P735,http://www.wikidata.org/entity/Q7521081,Jean
http://www.wikidata.org/entity/Q75887486,"Jean IV Ghistelles, Seigneur de Ghistelles",p38181.htm#i381810,1303-01-01T00:00:00Z,1346-08-24T00:00:00Z,,http://www.wikidata.org/prop/direct/P21,http://www.wikidata.org/prop/direct/P21,http://www.wikidata.org/entity/Q6581097,male
http://www.wikidata.org/entity/Q75887486,"Jean IV Ghistelles, Seigneur de Ghistelles",p38181.htm#i381810,1303-01-01T00:00:00Z,1346-08-24T00:00:00Z,,http://www.wikidata.org/prop/direct/P22,http://www.wikidata.org/prop/direct/P22,http://www.wikidata.org/entity/Q75887484,"Jean III Ghistelles, Seigneur de Ghistelles"
http://www.wikidata.org/entity/Q75887486,"Jean IV Ghistelles, Seigneur de Ghistelles",p38181.htm#i381810,1303-01-01T00:00:00Z,1346-08-24T00:00:00Z,,http://www.wikidata.org/prop/direct/P25,http://www.wikidata.org/prop/direct/P25,http://www.wikidata.org/entity/Q75887482,Marguerite de Luxembourg
http://www.wikidata.org/entity/Q75887486,"Jean IV Ghistelles, Seigneur de Ghistelles",p38181.htm#i381810,1303-01-01T00:00:00Z,1346-08-24T00:00:00Z,,http://www.wikidata.org/prop/direct/P26,http://www.wikidata.org/prop/direct/P26,http://www.wikidata.org/entity/Q75900745,Marie de Haverskerke
http://www.wikidata.org/entity/Q75887486,"Jean IV Ghistelles, Seigneur de Ghistelles",p38181.htm#i381810,1303-01-01T00:00:00Z,1346-08-24T00:00:00Z,,http://www.wikidata.org/prop/direct/P31,http://www.wikidata.org/prop/direct/P31,http://www.wikidata.org/entity/Q5,human
http://www.wikidata.org/entity/Q75887486,"Jean IV Ghistelles, Seigneur de Ghistelles",p38181.htm#i381810,1303-01-01T00:00:00Z,1346-08-24T00:00:00Z,,http://www.wikidata.org/prop/direct/P40,http://www.wikidata.org/prop/direct/P40,http://www.wikidata.org/entity/Q110538019,Maria de Ghistelles
http://www.wikidata.org/entity/Q75887486,"Jean IV Ghistelles, Seigneur de Ghistelles",p38181.htm#i381810,1303-01-01T00:00:00Z,1346-08-24T00:00:00Z,,http://www.wikidata.org/prop/direct/P40,http://www.wikidata.org/prop/direct/P40,http://www.wikidata.org/entity/Q110580458,Jean V de Ghistelles
http://www.wikidata.org/entity/Q75887486,"Jean IV Ghistelles, Seigneur de Ghistelles",p38181.htm#i381810,1303-01-01T00:00:00Z,1346-08-24T00:00:00Z,,http://www.wikidata.org/prop/direct/P40,http://www.wikidata.org/prop/direct/P40,http://www.wikidata.org/entity/Q75889756,"Roger de Ghistelles, Seigneur de Dudzeele et de Straten"
http://www.wikidata.org/entity/Q75887486,"Jean IV Ghistelles, Seigneur de Ghistelles",p38181.htm#i381810,1303-01-01T00:00:00Z,1346-08-24T00:00:00Z,,http://www.wikidata.org/prop/direct/P1819,http://www.wikidata.org/prop/direct/P1819,I00027448,I00027448
http://www.wikidata.org/entity/Q75887486,"Jean IV Ghistelles, Seigneur de Ghistelles",p38181.htm#i381810,1303-01-01T00:00:00Z,1346-08-24T00:00:00Z,,http://www.wikidata.org/prop/direct/P2949,http://www.wikidata.org/prop/direct/P2949,De_Ghistelles-3,De_Ghistelles-3
http://www.wikidata.org/entity/Q75887486,"Jean IV Ghistelles, Seigneur de Ghistelles",p38181.htm#i381810,1303-01-01T00:00:00Z,1346-08-24T00:00:00Z,,http://www.wikidata.org/prop/direct/P4638,http://www.wikidata.org/prop/direct/P4638,p38181.htm#i381810,p38181.htm#i381810
http://www.wikidata.org/entity/Q75887486,"Jean IV Ghistelles, Seigneur de Ghistelles",p38181.htm#i381810,1303-01-01T00:00:00Z,1346-08-24T00:00:00Z,,http://www.wikidata.org/prop/direct/P569,http://www.wikidata.org/prop/direct/P569,1303-01-01T00:00:00Z,1303-01-01T00:00:00Z
http://www.wikidata.org/entity/Q75887486,"Jean IV Ghistelles, Seigneur de Ghistelles",p38181.htm#i381810,1303-01-01T00:00:00Z,1346-08-24T00:00:00Z,,http://www.wikidata.org/prop/direct/P570,http://www.wikidata.org/prop/direct/P570,1346-08-24T00:00:00Z,1346-08-24T00:00:00Z
http://www.wikidata.org/entity/Q75887486,"Jean IV Ghistelles, Seigneur de Ghistelles",p38181.htm#i381810,1303-01-01T00:00:00Z,1346-08-24T00:00:00Z,,http://www.wikidata.org/prop/direct/P734,http://www.wikidata.org/prop/direct/P734,http://www.wikidata.org/entity/Q107396202,de Ghistelles
http://www.wikidata.org/entity/Q75887486,"Jean IV Ghistelles, Seigneur de Ghistelles",p38181.htm#i381810,1303-01-01T00:00:00Z,1346-08-24T00:00:00Z,,http://www.wikidata.org/prop/direct/P735,http://www.wikidata.org/prop/direct/P735,http://www.wikidata.org/entity/Q7521081,Jean
http://www.wikidata.org/entity/Q75889378,John Domville,p38318.htm#i383176,,1356-01-01T00:00:00Z,,http://www.wikidata.org/prop/direct/P21,http://www.wikidata.org/prop/direct/P21,http://www.wikidata.org/entity/Q6581097,male
http://www.wikidata.org/entity/Q75889378,John Domville,p38318.htm#i383176,,1356-01-01T00:00:00Z,,http://www.wikidata.org/prop/direct/P22,http://www.wikidata.org/prop/direct/P22,http://www.wikidata.org/entity/Q75889377,Sir Roger Dumvill
http://www.wikidata.org/entity/Q75889378,John Domville,p38318.htm#i383176,,1356-01-01T00:00:00Z,,http://www.wikidata.org/prop/direct/P26,http://www.wikidata.org/prop/direct/P26,http://www.wikidata.org/entity/Q75889381,Matilda de Brereton
http://www.wikidata.org/entity/Q75889378,John Domville,p38318.htm#i383176,,1356-01-01T00:00:00Z,,http://www.wikidata.org/prop/direct/P31,http://www.wikidata.org/prop/direct/P31,http://www.wikidata.org/entity/Q5,human
http://www.wikidata.org/entity/Q75889378,John Domville,p38318.htm#i383176,,1356-01-01T00:00:00Z,,http://www.wikidata.org/prop/direct/P40,http://www.wikidata.org/prop/direct/P40,http://www.wikidata.org/entity/Q75889383,Robert Domville
http://www.wikidata.org/entity/Q75889378,John Domville,p38318.htm#i383176,,1356-01-01T00:00:00Z,,http://www.wikidata.org/prop/direct/P4638,http://www.wikidata.org/prop/direct/P4638,p38318.htm#i383176,p38318.htm#i383176
http://www.wikidata.org/entity/Q75889378,John Domville,p38318.htm#i383176,,1356-01-01T00:00:00Z,,http://www.wikidata.org/prop/direct/P570,http://www.wikidata.org/prop/direct/P570,1356-01-01T00:00:00Z,1356-01-01T00:00:00Z
http://www.wikidata.org/entity/Q75889378,John Domville,p38318.htm#i383176,,1356-01-01T00:00:00Z,,http://www.wikidata.org/prop/direct/P735,http://www.wikidata.org/prop/direct/P735,http://www.wikidata.org/entity/Q4925477,John
http://www.wikidata.org/entity/Q75889395,John Carington,p38319.htm#i383188,1495-01-01T00:00:00Z,1548-02-27T00:00:00Z,,http://www.wikidata.org/prop/direct/P21,http://www.wikidata.org/prop/direct/P21,http://www.wikidata.org/entity/Q6581097,male
http://www.wikidata.org/entity/Q75889395,John Carington,p38319.htm#i383188,1495-01-01T00:00:00Z,1548-02-27T00:00:00Z,,http://www.wikidata.org/prop/direct/P22,http://www.wikidata.org/prop/direct/P22,http://www.wikidata.org/entity/Q99674908,Andrew Carrington
http://www.wikidata.org/entity/Q75889395,John Carington,p38319.htm#i383188,1495-01-01T00:00:00Z,1548-02-27T00:00:00Z,,http://www.wikidata.org/prop/direct/P25,http://www.wikidata.org/prop/direct/P25,http://www.wikidata.org/entity/Q99674910,Emma
http://www.wikidata.org/entity/Q75889395,John Carington,p38319.htm#i383188,1495-01-01T00:00:00Z,1548-02-27T00:00:00Z,,http://www.wikidata.org/prop/direct/P31,http://www.wikidata.org/prop/direct/P31,http://www.wikidata.org/entity/Q5,human
http://www.wikidata.org/entity/Q75889395,John Carington,p38319.htm#i383188,1495-01-01T00:00:00Z,1548-02-27T00:00:00Z,,http://www.wikidata.org/prop/direct/P40,http://www.wikidata.org/prop/direct/P40,http://www.wikidata.org/entity/Q110396055,Jane Carrington
http://www.wikidata.org/entity/Q75889395,John Carington,p38319.htm#i383188,1495-01-01T00:00:00Z,1548-02-27T00:00:00Z,,http://www.wikidata.org/prop/direct/P40,http://www.wikidata.org/prop/direct/P40,http://www.wikidata.org/entity/Q75836478,John Carington
http://www.wikidata.org/entity/Q75889395,John Carington,p38319.htm#i383188,1495-01-01T00:00:00Z,1548-02-27T00:00:00Z,,http://www.wikidata.org/prop/direct/P40,http://www.wikidata.org/prop/direct/P40,http://www.wikidata.org/entity/Q75889397,Margaret Carington
http://www.wikidata.org/entity/Q75889395,John Carington,p38319.htm#i383188,1495-01-01T00:00:00Z,1548-02-27T00:00:00Z,,http://www.wikidata.org/prop/direct/P1819,http://www.wikidata.org/prop/direct/P1819,I00640632,I00640632
http://www.wikidata.org/entity/Q75889395,John Carington,p38319.htm#i383188,1495-01-01T00:00:00Z,1548-02-27T00:00:00Z,,http://www.wikidata.org/prop/direct/P2949,http://www.wikidata.org/prop/direct/P2949,Carrington-203,Carrington-203
http://www.wikidata.org/entity/Q75889395,John Carington,p38319.htm#i383188,1495-01-01T00:00:00Z,1548-02-27T00:00:00Z,,http://www.wikidata.org/prop/direct/P4638,http://www.wikidata.org/prop/direct/P4638,p38319.htm#i383188,p38319.htm#i383188
http://www.wikidata.org/entity/Q75889395,John Carington,p38319.htm#i383188,1495-01-01T00:00:00Z,1548-02-27T00:00:00Z,,http://www.wikidata.org/prop/direct/P569,http://www.wikidata.org/prop/direct/P569,1495-01-01T00:00:00Z,1495-01-01T00:00:00Z
http://www.wikidata.org/entity/Q75889395,John Carington,p38319.htm#i383188,1495-01-01T00:00:00Z,1548-02-27T00:00:00Z,,http://www.wikidata.org/prop/direct/P570,http://www.wikidata.org/prop/direct/P570,1548-02-27T00:00:00Z,1548-02-27T00:00:00Z
http://www.wikidata.org/entity/Q75889395,John Carington,p38319.htm#i383188,1495-01-01T00:00:00Z,1548-02-27T00:00:00Z,,http://www.wikidata.org/prop/direct/P734,http://www.wikidata.org/prop/direct/P734,http://www.wikidata.org/entity/Q108442791,Carington
http://www.wikidata.org/entity/Q75889395,John Carington,p38319.htm#i383188,1495-01-01T00:00:00Z,1548-02-27T00:00:00Z,,http://www.wikidata.org/prop/direct/P735,http://www.wikidata.org/prop/direct/P735,http://www.wikidata.org/entity/Q4925477,John
http://www.wikidata.org/entity/Q75889756,"Roger de Ghistelles, Seigneur de Dudzeele et de Straten",p38346.htm#i383459,1338-01-01T00:00:00Z,,,http://www.wikidata.org/prop/direct/P21,http://www.wikidata.org/prop/direct/P21,http://www.wikidata.org/entity/Q6581097,male
http://www.wikidata.org/entity/Q75889756,"Roger de Ghistelles, Seigneur de Dudzeele et de Straten",p38346.htm#i383459,1338-01-01T00:00:00Z,,,http://www.wikidata.org/prop/direct/P22,http://www.wikidata.org/prop/direct/P22,http://www.wikidata.org/entity/Q75887486,"Jean IV Ghistelles, Seigneur de Ghistelles"
http://www.wikidata.org/entity/Q75889756,"Roger de Ghistelles, Seigneur de Dudzeele et de Straten",p38346.htm#i383459,1338-01-01T00:00:00Z,,,http://www.wikidata.org/prop/direct/P25,http://www.wikidata.org/prop/direct/P25,http://www.wikidata.org/entity/Q75900745,Marie de Haverskerke
http://www.wikidata.org/entity/Q75889756,"Roger de Ghistelles, Seigneur de Dudzeele et de Straten",p38346.htm#i383459,1338-01-01T00:00:00Z,,,http://www.wikidata.org/prop/direct/P26,http://www.wikidata.org/prop/direct/P26,http://www.wikidata.org/entity/Q75892553,Marguerite de Dudzeele
http://www.wikidata.org/entity/Q75889756,"Roger de Ghistelles, Seigneur de Dudzeele et de Straten",p38346.htm#i383459,1338-01-01T00:00:00Z,,,http://www.wikidata.org/prop/direct/P31,http://www.wikidata.org/prop/direct/P31,http://www.wikidata.org/entity/Q5,human
http://www.wikidata.org/entity/Q75889756,"Roger de Ghistelles, Seigneur de Dudzeele et de Straten",p38346.htm#i383459,1338-01-01T00:00:00Z,,,http://www.wikidata.org/prop/direct/P40,http://www.wikidata.org/prop/direct/P40,http://www.wikidata.org/entity/Q110539009,"Jean I de Ghistelles, Seigneur de Dudzeele"
http://www.wikidata.org/entity/Q75889756,"Roger de Ghistelles, Seigneur de Dudzeele et de Straten",p38346.htm#i383459,1338-01-01T00:00:00Z,,,http://www.wikidata.org/prop/direct/P40,http://www.wikidata.org/prop/direct/P40,http://www.wikidata.org/entity/Q116131508,"Marie de Ghistelles, Dame de Zweveghem et de Rosebecque"
http://www.wikidata.org/entity/Q75889756,"Roger de Ghistelles, Seigneur de Dudzeele et de Straten",p38346.htm#i383459,1338-01-01T00:00:00Z,,,http://www.wikidata.org/prop/direct/P40,http://www.wikidata.org/prop/direct/P40,http://www.wikidata.org/entity/Q75896094,Isabelle de Ghistelles
http://www.wikidata.org/entity/Q75889756,"Roger de Ghistelles, Seigneur de Dudzeele et de Straten",p38346.htm#i383459,1338-01-01T00:00:00Z,,,http://www.wikidata.org/prop/direct/P1819,http://www.wikidata.org/prop/direct/P1819,I00124956,I00124956
http://www.wikidata.org/entity/Q75889756,"Roger de Ghistelles, Seigneur de Dudzeele et de Straten",p38346.htm#i383459,1338-01-01T00:00:00Z,,,http://www.wikidata.org/prop/direct/P2949,http://www.wikidata.org/prop/direct/P2949,De_Ghistelles-2,De_Ghistelles-2
http://www.wikidata.org/entity/Q75889756,"Roger de Ghistelles, Seigneur de Dudzeele et de Straten",p38346.htm#i383459,1338-01-01T00:00:00Z,,,http://www.wikidata.org/prop/direct/P4638,http://www.wikidata.org/prop/direct/P4638,p38346.htm#i383459,p38346.htm#i383459
http://www.wikidata.org/entity/Q75889756,"Roger de Ghistelles, Seigneur de Dudzeele et de Straten",p38346.htm#i383459,1338-01-01T00:00:00Z,,,http://www.wikidata.org/prop/direct/P569,http://www.wikidata.org/prop/direct/P569,1338-01-01T00:00:00Z,1338-01-01T00:00:00Z
http://www.wikidata.org/entity/Q75889756,"Roger de Ghistelles, Seigneur de Dudzeele et de Straten",p38346.htm#i383459,1338-01-01T00:00:00Z,,,http://www.wikidata.org/prop/direct/P734,http://www.wikidata.org/prop/direct/P734,http://www.wikidata.org/entity/Q107396202,de Ghistelles
http://www.wikidata.org/entity/Q75889756,"Roger de Ghistelles, Seigneur de Dudzeele et de Straten",p38346.htm#i383459,1338-01-01T00:00:00Z,,,http://www.wikidata.org/prop/direct/P735,http://www.wikidata.org/prop/direct/P735,http://www.wikidata.org/entity/Q4925304,Roger
http://www.wikidata.org/entity/Q75890133,"Jean V Mallet, Seigneur de Granville, Montagu et Marcoussins",p38373.htm#i383728,1410-01-01T00:00:00Z,,,http://www.wikidata.org/prop/direct/P21,http://www.wikidata.org/prop/direct/P21,http://www.wikidata.org/entity/Q6581097,male
http://www.wikidata.org/entity/Q75890133,"Jean V Mallet, Seigneur de Granville, Montagu et Marcoussins",p38373.htm#i383728,1410-01-01T00:00:00Z,,,http://www.wikidata.org/prop/direct/P22,http://www.wikidata.org/prop/direct/P22,http://www.wikidata.org/entity/Q75890150,"Jean IV Mallet, Seigneur de Granville et Marcoussins"
http://www.wikidata.org/entity/Q75890133,"Jean V Mallet, Seigneur de Granville, Montagu et Marcoussins",p38373.htm#i383728,1410-01-01T00:00:00Z,,,http://www.wikidata.org/prop/direct/P25,http://www.wikidata.org/prop/direct/P25,http://www.wikidata.org/entity/Q75890151,Jacqueline de Montaigu
http://www.wikidata.org/entity/Q75890133,"Jean V Mallet, Seigneur de Granville, Montagu et Marcoussins",p38373.htm#i383728,1410-01-01T00:00:00Z,,,http://www.wikidata.org/prop/direct/P26,http://www.wikidata.org/prop/direct/P26,http://www.wikidata.org/entity/Q75890148,Marie de Rohan
http://www.wikidata.org/entity/Q75890133,"Jean V Mallet, Seigneur de Granville, Montagu et Marcoussins",p38373.htm#i383728,1410-01-01T00:00:00Z,,,http://www.wikidata.org/prop/direct/P31,http://www.wikidata.org/prop/direct/P31,http://www.wikidata.org/entity/Q5,human
http://www.wikidata.org/entity/Q75890133,"Jean V Mallet, Seigneur de Granville, Montagu et Marcoussins",p38373.htm#i383728,1410-01-01T00:00:00Z,,,http://www.wikidata.org/prop/direct/P40,http://www.wikidata.org/prop/direct/P40,http://www.wikidata.org/entity/Q109012587,"Marie Malet, Dame de Graville"
http://www.wikidata.org/entity/Q75890133,"Jean V Mallet, Seigneur de Granville, Montagu et Marcoussins",p38373.htm#i383728,1410-01-01T00:00:00Z,,,http://www.wikidata.org/prop/direct/P40,http://www.wikidata.org/prop/direct/P40,http://www.wikidata.org/entity/Q110601218,Renée Malet de Graville
http://www.wikidata.org/entity/Q75890133,"Jean V Mallet, Seigneur de Granville, Montagu et Marcoussins",p38373.htm#i383728,1410-01-01T00:00:00Z,,,http://www.wikidata.org/prop/direct/P40,http://www.wikidata.org/prop/direct/P40,http://www.wikidata.org/entity/Q3262597,Louis Malet de Graville
http://www.wikidata.org/entity/Q75890133,"Jean V Mallet, Seigneur de Granville, Montagu et Marcoussins",p38373.htm#i383728,1410-01-01T00:00:00Z,,,http://www.wikidata.org/prop/direct/P94,http://www.wikidata.org/prop/direct/P94,http://commons.wikimedia.org/wiki/Special:FilePath/Blason%20famille%20fr%20Malet%20de%20Graville.svg,http://commons.wikimedia.org/wiki/Special:FilePath/Blason%20famille%20fr%20Malet%20de%20Graville.svg
http://www.wikidata.org/entity/Q75890133,"Jean V Mallet, Seigneur de Granville, Montagu et Marcoussins",p38373.htm#i383728,1410-01-01T00:00:00Z,,,http://www.wikidata.org/prop/direct/P1185,http://www.wikidata.org/prop/direct/P1185,943567,943567
http://www.wikidata.org/entity/Q75890133,"Jean V Mallet, Seigneur de Granville, Montagu et Marcoussins",p38373.htm#i383728,1410-01-01T00:00:00Z,,,http://www.wikidata.org/prop/direct/P1819,http://www.wikidata.org/prop/direct/P1819,I00308243,I00308243
http://www.wikidata.org/entity/Q75890133,"Jean V Mallet, Seigneur de Granville, Montagu et Marcoussins",p38373.htm#i383728,1410-01-01T00:00:00Z,,,http://www.wikidata.org/prop/direct/P2949,http://www.wikidata.org/prop/direct/P2949,Malet-256,Malet-256
http://www.wikidata.org/entity/Q75890133,"Jean V Mallet, Seigneur de Granville, Montagu et Marcoussins",p38373.htm#i383728,1410-01-01T00:00:00Z,,,http://www.wikidata.org/prop/direct/P4638,http://www.wikidata.org/prop/direct/P4638,p38373.htm#i383728,p38373.htm#i383728
http://www.wikidata.org/entity/Q75890133,"Jean V Mallet, Seigneur de Granville, Montagu et Marcoussins",p38373.htm#i383728,1410-01-01T00:00:00Z,,,http://www.wikidata.org/prop/direct/P569,http://www.wikidata.org/prop/direct/P569,1410-01-01T00:00:00Z,1410-01-01T00:00:00Z
http://www.wikidata.org/entity/Q75890133,"Jean V Mallet, Seigneur de Granville, Montagu et Marcoussins",p38373.htm#i383728,1410-01-01T00:00:00Z,,,http://www.wikidata.org/prop/direct/P735,http://www.wikidata.org/prop/direct/P735,http://www.wikidata.org/entity/Q7521081,Jean
http://www.wikidata.org/entity/Q75890133,"Jean V Mallet, Seigneur de Granville, Montagu et Marcoussins",p38373.htm#i383728,1410-01-01T00:00:00Z,,,http://www.wikidata.org/prop/direct/P7929,http://www.wikidata.org/prop/direct/P7929,p=jean;n=malet;oc=5,p=jean;n=malet;oc=5
http://www.wikidata.org/entity/Q75890151,Jacqueline de Montaigu,p38374.htm#i383740,,1436-01-01T00:00:00Z,,http://www.wikidata.org/prop/direct/P21,http://www.wikidata.org/prop/direct/P21,http://www.wikidata.org/entity/Q6581072,female
http://www.wikidata.org/entity/Q75890151,Jacqueline de Montaigu,p38374.htm#i383740,,1436-01-01T00:00:00Z,,http://www.wikidata.org/prop/direct/P22,http://www.wikidata.org/prop/direct/P22,http://www.wikidata.org/entity/Q937915,Jean de Montaigu
http://www.wikidata.org/entity/Q75890151,Jacqueline de Montaigu,p38374.htm#i383740,,1436-01-01T00:00:00Z,,http://www.wikidata.org/prop/direct/P25,http://www.wikidata.org/prop/direct/P25,http://www.wikidata.org/entity/Q70931108,Jacqueline de La Grange
http://www.wikidata.org/entity/Q75890151,Jacqueline de Montaigu,p38374.htm#i383740,,1436-01-01T00:00:00Z,,http://www.wikidata.org/prop/direct/P26,http://www.wikidata.org/prop/direct/P26,http://www.wikidata.org/entity/Q75890150,"Jean IV Mallet, Seigneur de Granville et Marcoussins"
http://www.wikidata.org/entity/Q75890151,Jacqueline de Montaigu,p38374.htm#i383740,,1436-01-01T00:00:00Z,,http://www.wikidata.org/prop/direct/P31,http://www.wikidata.org/prop/direct/P31,http://www.wikidata.org/entity/Q5,human
http://www.wikidata.org/entity/Q75890151,Jacqueline de Montaigu,p38374.htm#i383740,,1436-01-01T00:00:00Z,,http://www.wikidata.org/prop/direct/P40,http://www.wikidata.org/prop/direct/P40,http://www.wikidata.org/entity/Q75890133,"Jean V Mallet, Seigneur de Granville, Montagu et Marcoussins"
http://www.wikidata.org/entity/Q75890151,Jacqueline de Montaigu,p38374.htm#i383740,,1436-01-01T00:00:00Z,,http://www.wikidata.org/prop/direct/P1185,http://www.wikidata.org/prop/direct/P1185,956499,956499
http://www.wikidata.org/entity/Q75890151,Jacqueline de Montaigu,p38374.htm#i383740,,1436-01-01T00:00:00Z,,http://www.wikidata.org/prop/direct/P1819,http://www.wikidata.org/prop/direct/P1819,I00308247,I00308247
http://www.wikidata.org/entity/Q75890151,Jacqueline de Montaigu,p38374.htm#i383740,,1436-01-01T00:00:00Z,,http://www.wikidata.org/prop/direct/P2949,http://www.wikidata.org/prop/direct/P2949,Montagu-299,Montagu-299
http://www.wikidata.org/entity/Q75890151,Jacqueline de Montaigu,p38374.htm#i383740,,1436-01-01T00:00:00Z,,http://www.wikidata.org/prop/direct/P4638,http://www.wikidata.org/prop/direct/P4638,p38374.htm#i383740,p38374.htm#i383740
http://www.wikidata.org/entity/Q75890151,Jacqueline de Montaigu,p38374.htm#i383740,,1436-01-01T00:00:00Z,,http://www.wikidata.org/prop/direct/P570,http://www.wikidata.org/prop/direct/P570,1436-01-01T00:00:00Z,1436-01-01T00:00:00Z
http://www.wikidata.org/entity/Q75890151,Jacqueline de Montaigu,p38374.htm#i383740,,1436-01-01T00:00:00Z,,http://www.wikidata.org/prop/direct/P735,http://www.wikidata.org/prop/direct/P735,http://www.wikidata.org/entity/Q391321,Jacqueline
http://www.wikidata.org/entity/Q75890151,Jacqueline de Montaigu,p38374.htm#i383740,,1436-01-01T00:00:00Z,,http://www.wikidata.org/prop/direct/P7929,http://www.wikidata.org/prop/direct/P7929,p=jacqueline;n=de montagu;oc=1,p=jacqueline;n=de montagu;oc=1
http://www.wikidata.org/entity/Q75890326,John Finch,p38387.htm#i383864,,1442-05-19T00:00:00Z,,http://www.wikidata.org/prop/direct/P21,http://www.wikidata.org/prop/direct/P21,http://www.wikidata.org/entity/Q6581097,male
http://www.wikidata.org/entity/Q75890326,John Finch,p38387.htm#i383864,,1442-05-19T00:00:00Z,,http://www.wikidata.org/prop/direct/P22,http://www.wikidata.org/prop/direct/P22,http://www.wikidata.org/entity/Q76002399,unknown Finch
http://www.wikidata.org/entity/Q75890326,John Finch,p38387.htm#i383864,,1442-05-19T00:00:00Z,,http://www.wikidata.org/prop/direct/P26,http://www.wikidata.org/prop/direct/P26,http://www.wikidata.org/entity/Q75890327,Elizabeth Sewer
http://www.wikidata.org/entity/Q75890326,John Finch,p38387.htm#i383864,,1442-05-19T00:00:00Z,,http://www.wikidata.org/prop/direct/P31,http://www.wikidata.org/prop/direct/P31,http://www.wikidata.org/entity/Q5,human
http://www.wikidata.org/entity/Q75890326,John Finch,p38387.htm#i383864,,1442-05-19T00:00:00Z,,http://www.wikidata.org/prop/direct/P40,http://www.wikidata.org/prop/direct/P40,http://www.wikidata.org/entity/Q75890329,William Finch
http://www.wikidata.org/entity/Q75890326,John Finch,p38387.htm#i383864,,1442-05-19T00:00:00Z,,http://www.wikidata.org/prop/direct/P4638,http://www.wikidata.org/prop/direct/P4638,p38387.htm#i383864,p38387.htm#i383864
http://www.wikidata.org/entity/Q75890326,John Finch,p38387.htm#i383864,,1442-05-19T00:00:00Z,,http://www.wikidata.org/prop/direct/P570,http://www.wikidata.org/prop/direct/P570,1442-05-19T00:00:00Z,1442-05-19T00:00:00Z
http://www.wikidata.org/entity/Q75890326,John Finch,p38387.htm#i383864,,1442-05-19T00:00:00Z,,http://www.wikidata.org/prop/direct/P734,http://www.wikidata.org/prop/direct/P734,http://www.wikidata.org/entity/Q16869940,Finch
http://www.wikidata.org/entity/Q75890326,John Finch,p38387.htm#i383864,,1442-05-19T00:00:00Z,,http://www.wikidata.org/prop/direct/P735,http://www.wikidata.org/prop/direct/P735,http://www.wikidata.org/entity/Q4925477,John
http://www.wikidata.org/entity/Q75891147,Amabil de Chaucombe,p38446.htm#i384454,1210-01-01T00:00:00Z,1282-12-16T00:00:00Z,,http://www.wikidata.org/prop/direct/P21,http://www.wikidata.org/prop/direct/P21,http://www.wikidata.org/entity/Q6581072,female
http://www.wikidata.org/entity/Q75891147,Amabil de Chaucombe,p38446.htm#i384454,1210-01-01T00:00:00Z,1282-12-16T00:00:00Z,,http://www.wikidata.org/prop/direct/P22,http://www.wikidata.org/prop/direct/P22,http://www.wikidata.org/entity/Q76278509,Robert de Chaucombe
http://www.wikidata.org/entity/Q75891147,Amabil de Chaucombe,p38446.htm#i384454,1210-01-01T00:00:00Z,1282-12-16T00:00:00Z,,http://www.wikidata.org/prop/direct/P25,http://www.wikidata.org/prop/direct/P25,http://www.wikidata.org/entity/Q75397934,Julian (?)
http://www.wikidata.org/entity/Q75891147,Amabil de Chaucombe,p38446.htm#i384454,1210-01-01T00:00:00Z,1282-12-16T00:00:00Z,,http://www.wikidata.org/prop/direct/P26,http://www.wikidata.org/prop/direct/P26,http://www.wikidata.org/entity/Q18810751,Gilbert of Seagrave
http://www.wikidata.org/entity/Q75891147,Amabil de Chaucombe,p38446.htm#i384454,1210-01-01T00:00:00Z,1282-12-16T00:00:00Z,,http://www.wikidata.org/prop/direct/P31,http://www.wikidata.org/prop/direct/P31,http://www.wikidata.org/entity/Q5,human
http://www.wikidata.org/entity/Q75891147,Amabil de Chaucombe,p38446.htm#i384454,1210-01-01T00:00:00Z,1282-12-16T00:00:00Z,,http://www.wikidata.org/prop/direct/P40,http://www.wikidata.org/prop/direct/P40,http://www.wikidata.org/entity/Q7026476,"Nicholas de Segrave, 1st Baron Segrave"
http://www.wikidata.org/entity/Q75891147,Amabil de Chaucombe,p38446.htm#i384454,1210-01-01T00:00:00Z,1282-12-16T00:00:00Z,,http://www.wikidata.org/prop/direct/P40,http://www.wikidata.org/prop/direct/P40,http://www.wikidata.org/entity/Q75268742,Roger de Somery
http://www.wikidata.org/entity/Q75891147,Amabil de Chaucombe,p38446.htm#i384454,1210-01-01T00:00:00Z,1282-12-16T00:00:00Z,,http://www.wikidata.org/prop/direct/P40,http://www.wikidata.org/prop/direct/P40,http://www.wikidata.org/entity/Q76278510,Alice de Segrave
http://www.wikidata.org/entity/Q75891147,Amabil de Chaucombe,p38446.htm#i384454,1210-01-01T00:00:00Z,1282-12-16T00:00:00Z,,http://www.wikidata.org/prop/direct/P1819,http://www.wikidata.org/prop/direct/P1819,I00113915,I00113915
http://www.wikidata.org/entity/Q75891147,Amabil de Chaucombe,p38446.htm#i384454,1210-01-01T00:00:00Z,1282-12-16T00:00:00Z,,http://www.wikidata.org/prop/direct/P1819,http://www.wikidata.org/prop/direct/P1819,I00139728,I00139728
http://www.wikidata.org/entity/Q75891147,Amabil de Chaucombe,p38446.htm#i384454,1210-01-01T00:00:00Z,1282-12-16T00:00:00Z,,http://www.wikidata.org/prop/direct/P2949,http://www.wikidata.org/prop/direct/P2949,Chaucombe-1,Chaucombe-1
http://www.wikidata.org/entity/Q75891147,Amabil de Chaucombe,p38446.htm#i384454,1210-01-01T00:00:00Z,1282-12-16T00:00:00Z,,http://www.wikidata.org/prop/direct/P4638,http://www.wikidata.org/prop/direct/P4638,p38446.htm#i384454,p38446.htm#i384454
http://www.wikidata.org/entity/Q75891147,Amabil de Chaucombe,p38446.htm#i384454,1210-01-01T00:00:00Z,1282-12-16T00:00:00Z,,http://www.wikidata.org/prop/direct/P569,http://www.wikidata.org/prop/direct/P569,1210-01-01T00:00:00Z,1210-01-01T00:00:00Z
http://www.wikidata.org/entity/Q75891147,Amabil de Chaucombe,p38446.htm#i384454,1210-01-01T00:00:00Z,1282-12-16T00:00:00Z,,http://www.wikidata.org/prop/direct/P570,http://www.wikidata.org/prop/direct/P570,1282-12-16T00:00:00Z,1282-12-16T00:00:00Z
http://www.wikidata.org/entity/Q75891152,Roese le Despenser,p38446.htm#i384459,1182-01-01T00:00:00Z,1241-01-01T00:00:00Z,,http://www.wikidata.org/prop/direct/P21,http://www.wikidata.org/prop/direct/P21,http://www.wikidata.org/entity/Q6581072,female
http://www.wikidata.org/entity/Q75891152,Roese le Despenser,p38446.htm#i384459,1182-01-01T00:00:00Z,1241-01-01T00:00:00Z,,http://www.wikidata.org/prop/direct/P22,http://www.wikidata.org/prop/direct/P22,http://www.wikidata.org/entity/Q75970617,Thomas le Despenser
http://www.wikidata.org/entity/Q75891152,Roese le Despenser,p38446.htm#i384459,1182-01-01T00:00:00Z,1241-01-01T00:00:00Z,,http://www.wikidata.org/prop/direct/P26,http://www.wikidata.org/prop/direct/P26,http://www.wikidata.org/entity/Q3498645,Stephen de Segrave
http://www.wikidata.org/entity/Q75891152,Roese le Despenser,p38446.htm#i384459,1182-01-01T00:00:00Z,1241-01-01T00:00:00Z,,http://www.wikidata.org/prop/direct/P31,http://www.wikidata.org/prop/direct/P31,http://www.wikidata.org/entity/Q5,human
http://www.wikidata.org/entity/Q75891152,Roese le Despenser,p38446.htm#i384459,1182-01-01T00:00:00Z,1241-01-01T00:00:00Z,,http://www.wikidata.org/prop/direct/P40,http://www.wikidata.org/prop/direct/P40,http://www.wikidata.org/entity/Q18810751,Gilbert of Seagrave
http://www.wikidata.org/entity/Q75891152,Roese le Despenser,p38446.htm#i384459,1182-01-01T00:00:00Z,1241-01-01T00:00:00Z,,http://www.wikidata.org/prop/direct/P40,http://www.wikidata.org/prop/direct/P40,http://www.wikidata.org/entity/Q76278507,unknown de Segrave
http://www.wikidata.org/entity/Q75891152,Roese le Despenser,p38446.htm#i384459,1182-01-01T00:00:00Z,1241-01-01T00:00:00Z,,http://www.wikidata.org/prop/direct/P1819,http://www.wikidata.org/prop/direct/P1819,I00398117,I00398117
http://www.wikidata.org/entity/Q75891152,Roese le Despenser,p38446.htm#i384459,1182-01-01T00:00:00Z,1241-01-01T00:00:00Z,,http://www.wikidata.org/prop/direct/P2949,http://www.wikidata.org/prop/direct/P2949,Despenser-43,Despenser-43
http://www.wikidata.org/entity/Q75891152,Roese le Despenser,p38446.htm#i384459,1182-01-01T00:00:00Z,1241-01-01T00:00:00Z,,http://www.wikidata.org/prop/direct/P4159,http://www.wikidata.org/prop/direct/P4159,Rohesea_Le_Despencer_(1),Rohesea_Le_Despencer_(1)
http://www.wikidata.org/entity/Q75891152,Roese le Despenser,p38446.htm#i384459,1182-01-01T00:00:00Z,1241-01-01T00:00:00Z,,http://www.wikidata.org/prop/direct/P4638,http://www.wikidata.org/prop/direct/P4638,p38446.htm#i384459,p38446.htm#i384459
http://www.wikidata.org/entity/Q75891152,Roese le Despenser,p38446.htm#i384459,1182-01-01T00:00:00Z,1241-01-01T00:00:00Z,,http://www.wikidata.org/prop/direct/P569,http://www.wikidata.org/prop/direct/P569,1182-01-01T00:00:00Z,1182-01-01T00:00:00Z
http://www.wikidata.org/entity/Q75891152,Roese le Despenser,p38446.htm#i384459,1182-01-01T00:00:00Z,1241-01-01T00:00:00Z,,http://www.wikidata.org/prop/direct/P570,http://www.wikidata.org/prop/direct/P570,1241-01-01T00:00:00Z,1241-01-01T00:00:00Z
http://www.wikidata.org/entity/Q75891152,Roese le Despenser,p38446.htm#i384459,1182-01-01T00:00:00Z,1241-01-01T00:00:00Z,,http://www.wikidata.org/prop/direct/P7929,http://www.wikidata.org/prop/direct/P7929,p=rohesia;n=le despenser,p=rohesia;n=le despenser
http://www.wikidata.org/entity/Q75891167,"Etienne de Montmorin, Seigneur de Montmorin",p38447.htm#i384470,,1062-01-01T00:00:00Z,,http://www.wikidata.org/prop/direct/P21,http://www.wikidata.org/prop/direct/P21,http://www.wikidata.org/entity/Q6581097,male
http://www.wikidata.org/entity/Q75891167,"Etienne de Montmorin, Seigneur de Montmorin",p38447.htm#i384470,,1062-01-01T00:00:00Z,,http://www.wikidata.org/prop/direct/P31,http://www.wikidata.org/prop/direct/P31,http://www.wikidata.org/entity/Q5,human
http://www.wikidata.org/entity/Q75891167,"Etienne de Montmorin, Seigneur de Montmorin",p38447.htm#i384470,,1062-01-01T00:00:00Z,,http://www.wikidata.org/prop/direct/P40,http://www.wikidata.org/prop/direct/P40,http://www.wikidata.org/entity/Q75891166,"Hugues II de Montmorin, Seigneur de Montmorin"
http://www.wikidata.org/entity/Q75891167,"Etienne de Montmorin, Seigneur de Montmorin",p38447.htm#i384470,,1062-01-01T00:00:00Z,,http://www.wikidata.org/prop/direct/P4638,http://www.wikidata.org/prop/direct/P4638,p38447.htm#i384470,p38447.htm#i384470
http://www.wikidata.org/entity/Q75891167,"Etienne de Montmorin, Seigneur de Montmorin",p38447.htm#i384470,,1062-01-01T00:00:00Z,,http://www.wikidata.org/prop/direct/P570,http://www.wikidata.org/prop/direct/P570,1062-01-01T00:00:00Z,1062-01-01T00:00:00Z
http://www.wikidata.org/entity/Q75891167,"Etienne de Montmorin, Seigneur de Montmorin",p38447.htm#i384470,,1062-01-01T00:00:00Z,,http://www.wikidata.org/prop/direct/P735,http://www.wikidata.org/prop/direct/P735,http://www.wikidata.org/entity/Q18180827,Etienne
http://www.wikidata.org/entity/Q75891174,Margaret d'Artois,p38448.htm#i384475,1432-01-01T00:00:00Z,,,http://www.wikidata.org/prop/direct/P21,http://www.wikidata.org/prop/direct/P21,http://www.wikidata.org/entity/Q6581072,female
http://www.wikidata.org/entity/Q75891174,Margaret d'Artois,p38448.htm#i384475,1432-01-01T00:00:00Z,,,http://www.wikidata.org/prop/direct/P22,http://www.wikidata.org/prop/direct/P22,http://www.wikidata.org/entity/Q75623630,Jenico d'Artois
http://www.wikidata.org/entity/Q75891174,Margaret d'Artois,p38448.htm#i384475,1432-01-01T00:00:00Z,,,http://www.wikidata.org/prop/direct/P25,http://www.wikidata.org/prop/direct/P25,http://www.wikidata.org/entity/Q76345004,Jane Serjeant
http://www.wikidata.org/entity/Q75891174,Margaret d'Artois,p38448.htm#i384475,1432-01-01T00:00:00Z,,,http://www.wikidata.org/prop/direct/P26,http://www.wikidata.org/prop/direct/P26,http://www.wikidata.org/entity/Q7372126,"Rowland FitzEustace, 1st Baron Portlester"
http://www.wikidata.org/entity/Q75891174,Margaret d'Artois,p38448.htm#i384475,1432-01-01T00:00:00Z,,,http://www.wikidata.org/prop/direct/P26,http://www.wikidata.org/prop/direct/P26,http://www.wikidata.org/entity/Q75315648,Sir John Dowdall
http://www.wikidata.org/entity/Q75891174,Margaret d'Artois,p38448.htm#i384475,1432-01-01T00:00:00Z,,,http://www.wikidata.org/prop/direct/P31,http://www.wikidata.org/prop/direct/P31,http://www.wikidata.org/entity/Q5,human
http://www.wikidata.org/entity/Q75891174,Margaret d'Artois,p38448.htm#i384475,1432-01-01T00:00:00Z,,,http://www.wikidata.org/prop/direct/P40,http://www.wikidata.org/prop/direct/P40,http://www.wikidata.org/entity/Q130338046,Joan Eustace (FitzEustace)
http://www.wikidata.org/entity/Q75891174,Margaret d'Artois,p38448.htm#i384475,1432-01-01T00:00:00Z,,,http://www.wikidata.org/prop/direct/P40,http://www.wikidata.org/prop/direct/P40,http://www.wikidata.org/entity/Q76345001,Eleanor Dowdall
http://www.wikidata.org/entity/Q75891174,Margaret d'Artois,p38448.htm#i384475,1432-01-01T00:00:00Z,,,http://www.wikidata.org/prop/direct/P1819,http://www.wikidata.org/prop/direct/P1819,I00599505,I00599505
http://www.wikidata.org/entity/Q75891174,Margaret d'Artois,p38448.htm#i384475,1432-01-01T00:00:00Z,,,http://www.wikidata.org/prop/direct/P2949,http://www.wikidata.org/prop/direct/P2949,Artois-69,Artois-69
http://www.wikidata.org/entity/Q75891174,Margaret d'Artois,p38448.htm#i384475,1432-01-01T00:00:00Z,,,http://www.wikidata.org/prop/direct/P4638,http://www.wikidata.org/prop/direct/P4638,p38448.htm#i384475,p38448.htm#i384475
http://www.wikidata.org/entity/Q75891174,Margaret d'Artois,p38448.htm#i384475,1432-01-01T00:00:00Z,,,http://www.wikidata.org/prop/direct/P569,http://www.wikidata.org/prop/direct/P569,1432-01-01T00:00:00Z,1432-01-01T00:00:00Z
http://www.wikidata.org/entity/Q75891174,Margaret d'Artois,p38448.htm#i384475,1432-01-01T00:00:00Z,,,http://www.wikidata.org/prop/direct/P735,http://www.wikidata.org/prop/direct/P735,http://www.wikidata.org/entity/Q4963612,Margaret
http://www.wikidata.org/entity/Q75891176,François Cassinel,p38448.htm#i384476,,1356-10-23T00:00:00Z,,http://www.wikidata.org/prop/direct/P106,http://www.wikidata.org/prop/direct/P106,http://www.wikidata.org/entity/Q47064,military personnel
http://www.wikidata.org/entity/Q75891176,François Cassinel,p38448.htm#i384476,,1356-10-23T00:00:00Z,,http://www.wikidata.org/prop/direct/P21,http://www.wikidata.org/prop/direct/P21,http://www.wikidata.org/entity/Q6581097,male
http://www.wikidata.org/entity/Q75891176,François Cassinel,p38448.htm#i384476,,1356-10-23T00:00:00Z,,http://www.wikidata.org/prop/direct/P22,http://www.wikidata.org/prop/direct/P22,http://www.wikidata.org/entity/Q75912339,Sir Guillaume Cassinel
http://www.wikidata.org/entity/Q75891176,François Cassinel,p38448.htm#i384476,,1356-10-23T00:00:00Z,,http://www.wikidata.org/prop/direct/P26,http://www.wikidata.org/prop/direct/P26,http://www.wikidata.org/entity/Q75891177,Alips de Champs
http://www.wikidata.org/entity/Q75891176,François Cassinel,p38448.htm#i384476,,1356-10-23T00:00:00Z,,http://www.wikidata.org/prop/direct/P27,http://www.wikidata.org/prop/direct/P27,http://www.wikidata.org/entity/Q142,France
http://www.wikidata.org/entity/Q75891176,François Cassinel,p38448.htm#i384476,,1356-10-23T00:00:00Z,,http://www.wikidata.org/prop/direct/P31,http://www.wikidata.org/prop/direct/P31,http://www.wikidata.org/entity/Q5,human
http://www.wikidata.org/entity/Q75891176,François Cassinel,p38448.htm#i384476,,1356-10-23T00:00:00Z,,http://www.wikidata.org/prop/direct/P40,http://www.wikidata.org/prop/direct/P40,http://www.wikidata.org/entity/Q102827637,"Guillaume Cassinel, Seigneur de Romainville"
http://www.wikidata.org/entity/Q75891176,François Cassinel,p38448.htm#i384476,,1356-10-23T00:00:00Z,,http://www.wikidata.org/prop/direct/P40,http://www.wikidata.org/prop/direct/P40,http://www.wikidata.org/entity/Q1408115,Ferry Cassinel
http://www.wikidata.org/entity/Q75891176,François Cassinel,p38448.htm#i384476,,1356-10-23T00:00:00Z,,http://www.wikidata.org/prop/direct/P40,http://www.wikidata.org/prop/direct/P40,http://www.wikidata.org/entity/Q794667,Biette de Cassinel
http://www.wikidata.org/entity/Q75891176,François Cassinel,p38448.htm#i384476,,1356-10-23T00:00:00Z,,http://www.wikidata.org/prop/direct/P4638,http://www.wikidata.org/prop/direct/P4638,p38448.htm#i384476,p38448.htm#i384476
http://www.wikidata.org/entity/Q75891176,François Cassinel,p38448.htm#i384476,,1356-10-23T00:00:00Z,,http://www.wikidata.org/prop/direct/P570,http://www.wikidata.org/prop/direct/P570,1356-10-23T00:00:00Z,1356-10-23T00:00:00Z
http://www.wikidata.org/entity/Q75891176,François Cassinel,p38448.htm#i384476,,1356-10-23T00:00:00Z,,http://www.wikidata.org/prop/direct/P735,http://www.wikidata.org/prop/direct/P735,http://www.wikidata.org/entity/Q1166840,François
http://www.wikidata.org/entity/Q75891185,"Gaucher de Thorotte, Seigneur de Thorotte",p38449.htm#i384482,,1140-01-01T00:00:00Z,,http://www.wikidata.org/prop/direct/P21,http://www.wikidata.org/prop/direct/P21,http://www.wikidata.org/entity/Q6581097,male
http://www.wikidata.org/entity/Q75891185,"Gaucher de Thorotte, Seigneur de Thorotte",p38449.htm#i384482,,1140-01-01T00:00:00Z,,http://www.wikidata.org/prop/direct/P26,http://www.wikidata.org/prop/direct/P26,http://www.wikidata.org/entity/Q75891186,Mathilde de Rouliers
http://www.wikidata.org/entity/Q75891185,"Gaucher de Thorotte, Seigneur de Thorotte",p38449.htm#i384482,,1140-01-01T00:00:00Z,,http://www.wikidata.org/prop/direct/P31,http://www.wikidata.org/prop/direct/P31,http://www.wikidata.org/entity/Q5,human
http://www.wikidata.org/entity/Q75891185,"Gaucher de Thorotte, Seigneur de Thorotte",p38449.htm#i384482,,1140-01-01T00:00:00Z,,http://www.wikidata.org/prop/direct/P40,http://www.wikidata.org/prop/direct/P40,http://www.wikidata.org/entity/Q75891183,Julienne de Thorotte
http://www.wikidata.org/entity/Q75891185,"Gaucher de Thorotte, Seigneur de Thorotte",p38449.htm#i384482,,1140-01-01T00:00:00Z,,http://www.wikidata.org/prop/direct/P2600,http://www.wikidata.org/prop/direct/P2600,6000000010370227614,6000000010370227614
http://www.wikidata.org/entity/Q75891185,"Gaucher de Thorotte, Seigneur de Thorotte",p38449.htm#i384482,,1140-01-01T00:00:00Z,,http://www.wikidata.org/prop/direct/P4638,http://www.wikidata.org/prop/direct/P4638,p38449.htm#i384482,p38449.htm#i384482
http://www.wikidata.org/entity/Q75891185,"Gaucher de Thorotte, Seigneur de Thorotte",p38449.htm#i384482,,1140-01-01T00:00:00Z,,http://www.wikidata.org/prop/direct/P570,http://www.wikidata.org/prop/direct/P570,1140-01-01T00:00:00Z,1140-01-01T00:00:00Z
http://www.wikidata.org/entity/Q75891185,"Gaucher de Thorotte, Seigneur de Thorotte",p38449.htm#i384482,,1140-01-01T00:00:00Z,,http://www.wikidata.org/prop/direct/P7929,http://www.wikidata.org/prop/direct/P7929,p=gaucher;n=de+thourotte;oc=2,p=gaucher;n=de+thourotte;oc=2
http://www.wikidata.org/entity/Q75891197,Blanche de Rieux,p38450.htm#i384491,1055-01-01T00:00:00Z,,,http://www.wikidata.org/prop/direct/P21,http://www.wikidata.org/prop/direct/P21,http://www.wikidata.org/entity/Q6581072,female
http://www.wikidata.org/entity/Q75891197,Blanche de Rieux,p38450.htm#i384491,1055-01-01T00:00:00Z,,,http://www.wikidata.org/prop/direct/P22,http://www.wikidata.org/prop/direct/P22,http://www.wikidata.org/entity/Q75891204,"Quesnac de Rieux, Seigneur de Rieux"
http://www.wikidata.org/entity/Q75891197,Blanche de Rieux,p38450.htm#i384491,1055-01-01T00:00:00Z,,,http://www.wikidata.org/prop/direct/P26,http://www.wikidata.org/prop/direct/P26,http://www.wikidata.org/entity/Q75891206,Robert d'Estouteville
http://www.wikidata.org/entity/Q75891197,Blanche de Rieux,p38450.htm#i384491,1055-01-01T00:00:00Z,,,http://www.wikidata.org/prop/direct/P31,http://www.wikidata.org/prop/direct/P31,http://www.wikidata.org/entity/Q5,human
http://www.wikidata.org/entity/Q75891197,Blanche de Rieux,p38450.htm#i384491,1055-01-01T00:00:00Z,,,http://www.wikidata.org/prop/direct/P40,http://www.wikidata.org/prop/direct/P40,http://www.wikidata.org/entity/Q25395435,Nicolas d'Estouteville
http://www.wikidata.org/entity/Q75891197,Blanche de Rieux,p38450.htm#i384491,1055-01-01T00:00:00Z,,,http://www.wikidata.org/prop/direct/P2949,http://www.wikidata.org/prop/direct/P2949,Rieux-1,Rieux-1
http://www.wikidata.org/entity/Q75891197,Blanche de Rieux,p38450.htm#i384491,1055-01-01T00:00:00Z,,,http://www.wikidata.org/prop/direct/P4638,http://www.wikidata.org/prop/direct/P4638,p38450.htm#i384491,p38450.htm#i384491
http://www.wikidata.org/entity/Q75891197,Blanche de Rieux,p38450.htm#i384491,1055-01-01T00:00:00Z,,,http://www.wikidata.org/prop/direct/P569,http://www.wikidata.org/prop/direct/P569,1055-01-01T00:00:00Z,1055-01-01T00:00:00Z
http://www.wikidata.org/entity/Q75891197,Blanche de Rieux,p38450.htm#i384491,1055-01-01T00:00:00Z,,,http://www.wikidata.org/prop/direct/P735,http://www.wikidata.org/prop/direct/P735,http://www.wikidata.org/entity/Q881391,Blanche
http://www.wikidata.org/entity/Q75891197,Blanche de Rieux,p38450.htm#i384491,1055-01-01T00:00:00Z,,,http://www.wikidata.org/prop/direct/P7929,http://www.wikidata.org/prop/direct/P7929,p=blanche;n=de rieux,p=blanche;n=de rieux
http://www.wikidata.org/entity/Q75891206,Robert d'Estouteville,p38450.htm#i384497,1040-01-01T00:00:00Z,1106-01-01T00:00:00Z,,http://www.wikidata.org/prop/direct/P106,http://www.wikidata.org/prop/direct/P106,http://www.wikidata.org/entity/Q1409420,feudatory
http://www.wikidata.org/entity/Q75891206,Robert d'Estouteville,p38450.htm#i384497,1040-01-01T00:00:00Z,1106-01-01T00:00:00Z,,http://www.wikidata.org/prop/direct/P21,http://www.wikidata.org/prop/direct/P21,http://www.wikidata.org/entity/Q6581097,male
http://www.wikidata.org/entity/Q75891206,Robert d'Estouteville,p38450.htm#i384497,1040-01-01T00:00:00Z,1106-01-01T00:00:00Z,,http://www.wikidata.org/prop/direct/P26,http://www.wikidata.org/prop/direct/P26,http://www.wikidata.org/entity/Q105769108,Béatrix
http://www.wikidata.org/entity/Q75891206,Robert d'Estouteville,p38450.htm#i384497,1040-01-01T00:00:00Z,1106-01-01T00:00:00Z,,http://www.wikidata.org/prop/direct/P26,http://www.wikidata.org/prop/direct/P26,http://www.wikidata.org/entity/Q75891197,Blanche de Rieux
http://www.wikidata.org/entity/Q75891206,Robert d'Estouteville,p38450.htm#i384497,1040-01-01T00:00:00Z,1106-01-01T00:00:00Z,,http://www.wikidata.org/prop/direct/P31,http://www.wikidata.org/prop/direct/P31,http://www.wikidata.org/entity/Q5,human
http://www.wikidata.org/entity/Q75891206,Robert d'Estouteville,p38450.htm#i384497,1040-01-01T00:00:00Z,1106-01-01T00:00:00Z,,http://www.wikidata.org/prop/direct/P40,http://www.wikidata.org/prop/direct/P40,http://www.wikidata.org/entity/Q111272293,Emma d'Estouteville
http://www.wikidata.org/entity/Q75891206,Robert d'Estouteville,p38450.htm#i384497,1040-01-01T00:00:00Z,1106-01-01T00:00:00Z,,http://www.wikidata.org/prop/direct/P40,http://www.wikidata.org/prop/direct/P40,http://www.wikidata.org/entity/Q75238065,"Robert II d'Estouteville, Seigneur d'Estouteville et Valmont"
http://www.wikidata.org/entity/Q75891206,Robert d'Estouteville,p38450.htm#i384497,1040-01-01T00:00:00Z,1106-01-01T00:00:00Z,,http://www.wikidata.org/prop/direct/P1819,http://www.wikidata.org/prop/direct/P1819,I00197561,I00197561
http://www.wikidata.org/entity/Q75891206,Robert d'Estouteville,p38450.htm#i384497,1040-01-01T00:00:00Z,1106-01-01T00:00:00Z,,http://www.wikidata.org/prop/direct/P2949,http://www.wikidata.org/prop/direct/P2949,Estouteville-4,Estouteville-4
http://www.wikidata.org/entity/Q75891206,Robert d'Estouteville,p38450.htm#i384497,1040-01-01T00:00:00Z,1106-01-01T00:00:00Z,,http://www.wikidata.org/prop/direct/P2949,http://www.wikidata.org/prop/direct/P2949,Estouteville-5,Estouteville-5
http://www.wikidata.org/entity/Q75891206,Robert d'Estouteville,p38450.htm#i384497,1040-01-01T00:00:00Z,1106-01-01T00:00:00Z,,http://www.wikidata.org/prop/direct/P4159,http://www.wikidata.org/prop/direct/P4159,Robert_De_Estoteville_(2),Robert_De_Estoteville_(2)
http://www.wikidata.org/entity/Q75891206,Robert d'Estouteville,p38450.htm#i384497,1040-01-01T00:00:00Z,1106-01-01T00:00:00Z,,http://www.wikidata.org/prop/direct/P4638,http://www.wikidata.org/prop/direct/P4638,p38450.htm#i384497,p38450.htm#i384497
http://www.wikidata.org/entity/Q75891206,Robert d'Estouteville,p38450.htm#i384497,1040-01-01T00:00:00Z,1106-01-01T00:00:00Z,,http://www.wikidata.org/prop/direct/P569,http://www.wikidata.org/prop/direct/P569,1040-01-01T00:00:00Z,1040-01-01T00:00:00Z
http://www.wikidata.org/entity/Q75891206,Robert d'Estouteville,p38450.htm#i384497,1040-01-01T00:00:00Z,1106-01-01T00:00:00Z,,http://www.wikidata.org/prop/direct/P570,http://www.wikidata.org/prop/direct/P570,1106-01-01T00:00:00Z,1106-01-01T00:00:00Z
http://www.wikidata.org/entity/Q75891206,Robert d'Estouteville,p38450.htm#i384497,1040-01-01T00:00:00Z,1106-01-01T00:00:00Z,,http://www.wikidata.org/prop/direct/P607,http://www.wikidata.org/prop/direct/P607,http://www.wikidata.org/entity/Q1587893,Battle of Tinchebray
http://www.wikidata.org/entity/Q75891206,Robert d'Estouteville,p38450.htm#i384497,1040-01-01T00:00:00Z,1106-01-01T00:00:00Z,,http://www.wikidata.org/prop/direct/P607,http://www.wikidata.org/prop/direct/P607,http://www.wikidata.org/entity/Q200485,Norman conquest of England
http://www.wikidata.org/entity/Q75891206,Robert d'Estouteville,p38450.htm#i384497,1040-01-01T00:00:00Z,1106-01-01T00:00:00Z,,http://www.wikidata.org/prop/direct/P607,http://www.wikidata.org/prop/direct/P607,http://www.wikidata.org/entity/Q83224,Battle of Hastings
http://www.wikidata.org/entity/Q75891206,Robert d'Estouteville,p38450.htm#i384497,1040-01-01T00:00:00Z,1106-01-01T00:00:00Z,,http://www.wikidata.org/prop/direct/P607,http://www.wikidata.org/prop/direct/P607,http://www.wikidata.org/entity/Q51649,First Crusade
http://www.wikidata.org/entity/Q75891206,Robert d'Estouteville,p38450.htm#i384497,1040-01-01T00:00:00Z,1106-01-01T00:00:00Z,,http://www.wikidata.org/prop/direct/P734,http://www.wikidata.org/prop/direct/P734,http://www.wikidata.org/entity/Q73936045,d'Estouteville
http://www.wikidata.org/entity/Q75891206,Robert d'Estouteville,p38450.htm#i384497,1040-01-01T00:00:00Z,1106-01-01T00:00:00Z,,http://www.wikidata.org/prop/direct/P735,http://www.wikidata.org/prop/direct/P735,http://www.wikidata.org/entity/Q4927937,Robert
http://www.wikidata.org/entity/Q75891206,Robert d'Estouteville,p38450.htm#i384497,1040-01-01T00:00:00Z,1106-01-01T00:00:00Z,,http://www.wikidata.org/prop/direct/P7929,http://www.wikidata.org/prop/direct/P7929,p=robert;n=d estouteville;oc=8,p=robert;n=d estouteville;oc=8
http://www.wikidata.org/entity/Q75891206,Robert d'Estouteville,p38450.htm#i384497,1040-01-01T00:00:00Z,1106-01-01T00:00:00Z,,http://www.wikidata.org/prop/direct/P945,http://www.wikidata.org/prop/direct/P945,http://www.wikidata.org/entity/Q102005,William II of England
http://www.wikidata.org/entity/Q75891206,Robert d'Estouteville,p38450.htm#i384497,1040-01-01T00:00:00Z,1106-01-01T00:00:00Z,,http://www.wikidata.org/prop/direct/P945,http://www.wikidata.org/prop/direct/P945,http://www.wikidata.org/entity/Q220994,Robert Curthose
http://www.wikidata.org/entity/Q75891206,Robert d'Estouteville,p38450.htm#i384497,1040-01-01T00:00:00Z,1106-01-01T00:00:00Z,,http://www.wikidata.org/prop/direct/P945,http://www.wikidata.org/prop/direct/P945,http://www.wikidata.org/entity/Q37594,William the Conqueror
http://www.wikidata.org/entity/Q75891207,Jeanne de Tallebot,p38450.htm#i384498,1020-01-01T00:00:00Z,1101-01-01T00:00:00Z,,http://www.wikidata.org/prop/direct/P21,http://www.wikidata.org/prop/direct/P21,http://www.wikidata.org/entity/Q6581072,female
http://www.wikidata.org/entity/Q75891207,Jeanne de Tallebot,p38450.htm#i384498,1020-01-01T00:00:00Z,1101-01-01T00:00:00Z,,http://www.wikidata.org/prop/direct/P26,http://www.wikidata.org/prop/direct/P26,http://www.wikidata.org/entity/Q75238065,"Robert II d'Estouteville, Seigneur d'Estouteville et Valmont"
http://www.wikidata.org/entity/Q75891207,Jeanne de Tallebot,p38450.htm#i384498,1020-01-01T00:00:00Z,1101-01-01T00:00:00Z,,http://www.wikidata.org/prop/direct/P31,http://www.wikidata.org/prop/direct/P31,http://www.wikidata.org/entity/Q5,human
http://www.wikidata.org/entity/Q75891207,Jeanne de Tallebot,p38450.htm#i384498,1020-01-01T00:00:00Z,1101-01-01T00:00:00Z,,http://www.wikidata.org/prop/direct/P2949,http://www.wikidata.org/prop/direct/P2949,Talbot-662,Talbot-662
http://www.wikidata.org/entity/Q75891207,Jeanne de Tallebot,p38450.htm#i384498,1020-01-01T00:00:00Z,1101-01-01T00:00:00Z,,http://www.wikidata.org/prop/direct/P4638,http://www.wikidata.org/prop/direct/P4638,p38450.htm#i384498,p38450.htm#i384498
http://www.wikidata.org/entity/Q75891207,Jeanne de Tallebot,p38450.htm#i384498,1020-01-01T00:00:00Z,1101-01-01T00:00:00Z,,http://www.wikidata.org/prop/direct/P569,http://www.wikidata.org/prop/direct/P569,1020-01-01T00:00:00Z,1020-01-01T00:00:00Z
http://www.wikidata.org/entity/Q75891207,Jeanne de Tallebot,p38450.htm#i384498,1020-01-01T00:00:00Z,1101-01-01T00:00:00Z,,http://www.wikidata.org/prop/direct/P570,http://www.wikidata.org/prop/direct/P570,1101-01-01T00:00:00Z,1101-01-01T00:00:00Z
http://www.wikidata.org/entity/Q75891207,Jeanne de Tallebot,p38450.htm#i384498,1020-01-01T00:00:00Z,1101-01-01T00:00:00Z,,http://www.wikidata.org/prop/direct/P735,http://www.wikidata.org/prop/direct/P735,http://www.wikidata.org/entity/Q2438057,Jeanne
http://www.wikidata.org/entity/Q75891207,Jeanne de Tallebot,p38450.htm#i384498,1020-01-01T00:00:00Z,1101-01-01T00:00:00Z,,http://www.wikidata.org/prop/direct/P7929,http://www.wikidata.org/prop/direct/P7929,p=jeanne;n=talbot;oc=3,p=jeanne;n=talbot;oc=3
http://www.wikidata.org/entity/Q75891276,unknown FitzGerald,p38455.htm#i384547,1498-01-01T00:00:00Z,1533-08-04T00:00:00Z,,http://www.wikidata.org/prop/direct/P21,http://www.wikidata.org/prop/direct/P21,http://www.wikidata.org/entity/Q6581097,male
http://www.wikidata.org/entity/Q75891276,unknown FitzGerald,p38455.htm#i384547,1498-01-01T00:00:00Z,1533-08-04T00:00:00Z,,http://www.wikidata.org/prop/direct/P22,http://www.wikidata.org/prop/direct/P22,http://www.wikidata.org/entity/Q75891280,unknown FitzGerald
http://www.wikidata.org/entity/Q75891276,unknown FitzGerald,p38455.htm#i384547,1498-01-01T00:00:00Z,1533-08-04T00:00:00Z,,http://www.wikidata.org/prop/direct/P31,http://www.wikidata.org/prop/direct/P31,http://www.wikidata.org/entity/Q5,human
http://www.wikidata.org/entity/Q75891276,unknown FitzGerald,p38455.htm#i384547,1498-01-01T00:00:00Z,1533-08-04T00:00:00Z,,http://www.wikidata.org/prop/direct/P40,http://www.wikidata.org/prop/direct/P40,http://www.wikidata.org/entity/Q75891275,unknown FitzGerald
http://www.wikidata.org/entity/Q75891276,unknown FitzGerald,p38455.htm#i384547,1498-01-01T00:00:00Z,1533-08-04T00:00:00Z,,http://www.wikidata.org/prop/direct/P2949,http://www.wikidata.org/prop/direct/P2949,Fitzgerald-3460,Fitzgerald-3460
http://www.wikidata.org/entity/Q75891276,unknown FitzGerald,p38455.htm#i384547,1498-01-01T00:00:00Z,1533-08-04T00:00:00Z,,http://www.wikidata.org/prop/direct/P4638,http://www.wikidata.org/prop/direct/P4638,p38455.htm#i384547,p38455.htm#i384547
http://www.wikidata.org/entity/Q75891276,unknown FitzGerald,p38455.htm#i384547,1498-01-01T00:00:00Z,1533-08-04T00:00:00Z,,http://www.wikidata.org/prop/direct/P569,http://www.wikidata.org/prop/direct/P569,1498-01-01T00:00:00Z,1498-01-01T00:00:00Z
http://www.wikidata.org/entity/Q75891276,unknown FitzGerald,p38455.htm#i384547,1498-01-01T00:00:00Z,1533-08-04T00:00:00Z,,http://www.wikidata.org/prop/direct/P570,http://www.wikidata.org/prop/direct/P570,1533-08-04T00:00:00Z,1533-08-04T00:00:00Z
http://www.wikidata.org/entity/Q75891276,unknown FitzGerald,p38455.htm#i384547,1498-01-01T00:00:00Z,1533-08-04T00:00:00Z,,http://www.wikidata.org/prop/direct/P734,http://www.wikidata.org/prop/direct/P734,http://www.wikidata.org/entity/Q16466739,FitzGerald
http://www.wikidata.org/entity/Q75891276,unknown FitzGerald,p38455.htm#i384547,1498-01-01T00:00:00Z,1533-08-04T00:00:00Z,,http://www.wikidata.org/prop/direct/P735,http://www.wikidata.org/prop/direct/P735,http://www.wikidata.org/.well-known/genid/9d3f8f07a8955ac3987fb4b3235f8636,http://www.wikidata.org/.well-known/genid/9d3f8f07a8955ac3987fb4b3235f8636
http://www.wikidata.org/entity/Q75891334,Richgard of Lavant,p38460.htm#i384593,,1072-07-09T00:00:00Z,,http://www.wikidata.org/prop/direct/P21,http://www.wikidata.org/prop/direct/P21,http://www.wikidata.org/entity/Q6581072,female
http://www.wikidata.org/entity/Q75891334,Richgard of Lavant,p38460.htm#i384593,,1072-07-09T00:00:00Z,,http://www.wikidata.org/prop/direct/P22,http://www.wikidata.org/prop/direct/P22,http://www.wikidata.org/entity/Q1312249,Engelbert IV
http://www.wikidata.org/entity/Q75891334,Richgard of Lavant,p38460.htm#i384593,,1072-07-09T00:00:00Z,,http://www.wikidata.org/prop/direct/P25,http://www.wikidata.org/prop/direct/P25,http://www.wikidata.org/entity/Q102393975,Liutgard
http://www.wikidata.org/entity/Q75891334,Richgard of Lavant,p38460.htm#i384593,,1072-07-09T00:00:00Z,,http://www.wikidata.org/prop/direct/P26,http://www.wikidata.org/prop/direct/P26,http://www.wikidata.org/entity/Q324175,Siegfried I of Sponheim
http://www.wikidata.org/entity/Q75891334,Richgard of Lavant,p38460.htm#i384593,,1072-07-09T00:00:00Z,,http://www.wikidata.org/prop/direct/P31,http://www.wikidata.org/prop/direct/P31,http://www.wikidata.org/entity/Q5,human
http://www.wikidata.org/entity/Q75891334,Richgard of Lavant,p38460.htm#i384593,,1072-07-09T00:00:00Z,,http://www.wikidata.org/prop/direct/P40,http://www.wikidata.org/prop/direct/P40,http://www.wikidata.org/entity/Q1556843,Hartwig of Spanheim
http://www.wikidata.org/entity/Q75891334,Richgard of Lavant,p38460.htm#i384593,,1072-07-09T00:00:00Z,,http://www.wikidata.org/prop/direct/P40,http://www.wikidata.org/prop/direct/P40,http://www.wikidata.org/entity/Q21034844,Hermann von Spanheim
http://www.wikidata.org/entity/Q75891334,Richgard of Lavant,p38460.htm#i384593,,1072-07-09T00:00:00Z,,http://www.wikidata.org/prop/direct/P40,http://www.wikidata.org/prop/direct/P40,http://www.wikidata.org/entity/Q473487,Engelbert I of Sponheim
http://www.wikidata.org/entity/Q75891334,Richgard of Lavant,p38460.htm#i384593,,1072-07-09T00:00:00Z,,http://www.wikidata.org/prop/direct/P53,http://www.wikidata.org/prop/direct/P53,http://www.wikidata.org/entity/Q2283964,Sieghardinger
http://www.wikidata.org/entity/Q75891334,Richgard of Lavant,p38460.htm#i384593,,1072-07-09T00:00:00Z,,http://www.wikidata.org/prop/direct/P53,http://www.wikidata.org/prop/direct/P53,http://www.wikidata.org/entity/Q571419,House of Sponheim
http://www.wikidata.org/entity/Q75891334,Richgard of Lavant,p38460.htm#i384593,,1072-07-09T00:00:00Z,,http://www.wikidata.org/prop/direct/P97,http://www.wikidata.org/prop/direct/P97,http://www.wikidata.org/entity/Q13441569,Gaugraf
http://www.wikidata.org/entity/Q75891334,Richgard of Lavant,p38460.htm#i384593,,1072-07-09T00:00:00Z,,http://www.wikidata.org/prop/direct/P1038,http://www.wikidata.org/prop/direct/P1038,http://www.wikidata.org/entity/Q473500,Henry IV of Sponheim
http://www.wikidata.org/entity/Q75891334,Richgard of Lavant,p38460.htm#i384593,,1072-07-09T00:00:00Z,,http://www.wikidata.org/prop/direct/P1038,http://www.wikidata.org/prop/direct/P1038,http://www.wikidata.org/entity/Q691897,"Engelbert, Duke of Carinthia"
http://www.wikidata.org/entity/Q75891334,Richgard of Lavant,p38460.htm#i384593,,1072-07-09T00:00:00Z,,http://www.wikidata.org/prop/direct/P1038,http://www.wikidata.org/prop/direct/P1038,http://www.wikidata.org/entity/Q826318,Bernhard von Trixen
http://www.wikidata.org/entity/Q75891334,Richgard of Lavant,p38460.htm#i384593,,1072-07-09T00:00:00Z,,http://www.wikidata.org/prop/direct/P1185,http://www.wikidata.org/prop/direct/P1185,296092,296092
http://www.wikidata.org/entity/Q75891334,Richgard of Lavant,p38460.htm#i384593,,1072-07-09T00:00:00Z,,http://www.wikidata.org/prop/direct/P1819,http://www.wikidata.org/prop/direct/P1819,I00080244,I00080244
http://www.wikidata.org/entity/Q75891334,Richgard of Lavant,p38460.htm#i384593,,1072-07-09T00:00:00Z,,http://www.wikidata.org/prop/direct/P2949,http://www.wikidata.org/prop/direct/P2949,Lavant-1,Lavant-1
http://www.wikidata.org/entity/Q75891334,Richgard of Lavant,p38460.htm#i384593,,1072-07-09T00:00:00Z,,http://www.wikidata.org/prop/direct/P3373,http://www.wikidata.org/prop/direct/P3373,http://www.wikidata.org/entity/Q31192919,Q31192919
http://www.wikidata.org/entity/Q75891334,Richgard of Lavant,p38460.htm#i384593,,1072-07-09T00:00:00Z,,http://www.wikidata.org/prop/direct/P4159,http://www.wikidata.org/prop/direct/P4159,Richgard_von_Lavanttal_(1),Richgard_von_Lavanttal_(1)
http://www.wikidata.org/entity/Q75891334,Richgard of Lavant,p38460.htm#i384593,,1072-07-09T00:00:00Z,,http://www.wikidata.org/prop/direct/P4638,http://www.wikidata.org/prop/direct/P4638,p38460.htm#i384593,p38460.htm#i384593
http://www.wikidata.org/entity/Q75891334,Richgard of Lavant,p38460.htm#i384593,,1072-07-09T00:00:00Z,,http://www.wikidata.org/prop/direct/P570,http://www.wikidata.org/prop/direct/P570,1072-07-09T00:00:00Z,1072-07-09T00:00:00Z
http://www.wikidata.org/entity/Q75891334,Richgard of Lavant,p38460.htm#i384593,,1072-07-09T00:00:00Z,,http://www.wikidata.org/prop/direct/P6228,http://www.wikidata.org/prop/direct/P6228,39430,39430
http://www.wikidata.org/entity/Q75891334,Richgard of Lavant,p38460.htm#i384593,,1072-07-09T00:00:00Z,,http://www.wikidata.org/prop/direct/P7929,http://www.wikidata.org/prop/direct/P7929,p=richgard;n=von chiemgau;oc=1,p=richgard;n=von chiemgau;oc=1
http://www.wikidata.org/entity/Q75892553,Marguerite de Dudzeele,p38549.htm#i385484,1340-01-01T00:00:00Z,,,http://www.wikidata.org/prop/direct/P21,http://www.wikidata.org/prop/direct/P21,http://www.wikidata.org/entity/Q6581072,female
http://www.wikidata.org/entity/Q75892553,Marguerite de Dudzeele,p38549.htm#i385484,1340-01-01T00:00:00Z,,,http://www.wikidata.org/prop/direct/P26,http://www.wikidata.org/prop/direct/P26,http://www.wikidata.org/entity/Q75889756,"Roger de Ghistelles, Seigneur de Dudzeele et de Straten"
http://www.wikidata.org/entity/Q75892553,Marguerite de Dudzeele,p38549.htm#i385484,1340-01-01T00:00:00Z,,,http://www.wikidata.org/prop/direct/P31,http://www.wikidata.org/prop/direct/P31,http://www.wikidata.org/entity/Q5,human
http://www.wikidata.org/entity/Q75892553,Marguerite de Dudzeele,p38549.htm#i385484,1340-01-01T00:00:00Z,,,http://www.wikidata.org/prop/direct/P40,http://www.wikidata.org/prop/direct/P40,http://www.wikidata.org/entity/Q110539009,"Jean I de Ghistelles, Seigneur de Dudzeele"
http://www.wikidata.org/entity/Q75892553,Marguerite de Dudzeele,p38549.htm#i385484,1340-01-01T00:00:00Z,,,http://www.wikidata.org/prop/direct/P40,http://www.wikidata.org/prop/direct/P40,http://www.wikidata.org/entity/Q116131508,"Marie de Ghistelles, Dame de Zweveghem et de Rosebecque"
http://www.wikidata.org/entity/Q75892553,Marguerite de Dudzeele,p38549.htm#i385484,1340-01-01T00:00:00Z,,,http://www.wikidata.org/prop/direct/P40,http://www.wikidata.org/prop/direct/P40,http://www.wikidata.org/entity/Q75896094,Isabelle de Ghistelles
http://www.wikidata.org/entity/Q75892553,Marguerite de Dudzeele,p38549.htm#i385484,1340-01-01T00:00:00Z,,,http://www.wikidata.org/prop/direct/P1819,http://www.wikidata.org/prop/direct/P1819,I00124957,I00124957
http://www.wikidata.org/entity/Q75892553,Marguerite de Dudzeele,p38549.htm#i385484,1340-01-01T00:00:00Z,,,http://www.wikidata.org/prop/direct/P2949,http://www.wikidata.org/prop/direct/P2949,Dudzeele-1,Dudzeele-1
http://www.wikidata.org/entity/Q75892553,Marguerite de Dudzeele,p38549.htm#i385484,1340-01-01T00:00:00Z,,,http://www.wikidata.org/prop/direct/P4638,http://www.wikidata.org/prop/direct/P4638,p38549.htm#i385484,p38549.htm#i385484
http://www.wikidata.org/entity/Q75892553,Marguerite de Dudzeele,p38549.htm#i385484,1340-01-01T00:00:00Z,,,http://www.wikidata.org/prop/direct/P569,http://www.wikidata.org/prop/direct/P569,1340-01-01T00:00:00Z,1340-01-01T00:00:00Z
http://www.wikidata.org/entity/Q75892553,Marguerite de Dudzeele,p38549.htm#i385484,1340-01-01T00:00:00Z,,,http://www.wikidata.org/prop/direct/P735,http://www.wikidata.org/prop/direct/P735,http://www.wikidata.org/entity/Q1587821,Marguerite
http://www.wikidata.org/entity/Q75892684,John Fagan,p38558.htm#i385576,,1243-01-01T00:00:00Z,,http://www.wikidata.org/prop/direct/P21,http://www.wikidata.org/prop/direct/P21,http://www.wikidata.org/entity/Q6581097,male
http://www.wikidata.org/entity/Q75892684,John Fagan,p38558.htm#i385576,,1243-01-01T00:00:00Z,,http://www.wikidata.org/prop/direct/P22,http://www.wikidata.org/prop/direct/P22,http://www.wikidata.org/entity/Q75892680,Patrick Fagan
http://www.wikidata.org/entity/Q75892684,John Fagan,p38558.htm#i385576,,1243-01-01T00:00:00Z,,http://www.wikidata.org/prop/direct/P25,http://www.wikidata.org/prop/direct/P25,http://www.wikidata.org/entity/Q75892683,Dorothea O'Mclaghlin
http://www.wikidata.org/entity/Q75892684,John Fagan,p38558.htm#i385576,,1243-01-01T00:00:00Z,,http://www.wikidata.org/prop/direct/P26,http://www.wikidata.org/prop/direct/P26,http://www.wikidata.org/entity/Q75892687,Ann Plunkett
http://www.wikidata.org/entity/Q75892684,John Fagan,p38558.htm#i385576,,1243-01-01T00:00:00Z,,http://www.wikidata.org/prop/direct/P31,http://www.wikidata.org/prop/direct/P31,http://www.wikidata.org/entity/Q5,human
http://www.wikidata.org/entity/Q75892684,John Fagan,p38558.htm#i385576,,1243-01-01T00:00:00Z,,http://www.wikidata.org/prop/direct/P40,http://www.wikidata.org/prop/direct/P40,http://www.wikidata.org/entity/Q75892689,Patrick Fagan
http://www.wikidata.org/entity/Q75892684,John Fagan,p38558.htm#i385576,,1243-01-01T00:00:00Z,,http://www.wikidata.org/prop/direct/P4638,http://www.wikidata.org/prop/direct/P4638,p38558.htm#i385576,p38558.htm#i385576
http://www.wikidata.org/entity/Q75892684,John Fagan,p38558.htm#i385576,,1243-01-01T00:00:00Z,,http://www.wikidata.org/prop/direct/P570,http://www.wikidata.org/prop/direct/P570,1243-01-01T00:00:00Z,1243-01-01T00:00:00Z
http://www.wikidata.org/entity/Q75892684,John Fagan,p38558.htm#i385576,,1243-01-01T00:00:00Z,,http://www.wikidata.org/prop/direct/P735,http://www.wikidata.org/prop/direct/P735,http://www.wikidata.org/entity/Q4925477,John
http://www.wikidata.org/entity/Q75892689,Patrick Fagan,p38558.htm#i385579,,1274-01-01T00:00:00Z,,http://www.wikidata.org/prop/direct/P21,http://www.wikidata.org/prop/direct/P21,http://www.wikidata.org/entity/Q6581097,male
http://www.wikidata.org/entity/Q75892689,Patrick Fagan,p38558.htm#i385579,,1274-01-01T00:00:00Z,,http://www.wikidata.org/prop/direct/P22,http://www.wikidata.org/prop/direct/P22,http://www.wikidata.org/entity/Q75892684,John Fagan
http://www.wikidata.org/entity/Q75892689,Patrick Fagan,p38558.htm#i385579,,1274-01-01T00:00:00Z,,http://www.wikidata.org/prop/direct/P25,http://www.wikidata.org/prop/direct/P25,http://www.wikidata.org/entity/Q75892687,Ann Plunkett
http://www.wikidata.org/entity/Q75892689,Patrick Fagan,p38558.htm#i385579,,1274-01-01T00:00:00Z,,http://www.wikidata.org/prop/direct/P26,http://www.wikidata.org/prop/direct/P26,http://www.wikidata.org/entity/Q75892691,Susannah Barnewall
http://www.wikidata.org/entity/Q75892689,Patrick Fagan,p38558.htm#i385579,,1274-01-01T00:00:00Z,,http://www.wikidata.org/prop/direct/P31,http://www.wikidata.org/prop/direct/P31,http://www.wikidata.org/entity/Q5,human
http://www.wikidata.org/entity/Q75892689,Patrick Fagan,p38558.htm#i385579,,1274-01-01T00:00:00Z,,http://www.wikidata.org/prop/direct/P40,http://www.wikidata.org/prop/direct/P40,http://www.wikidata.org/entity/Q75892692,Richard Fagan
http://www.wikidata.org/entity/Q75892689,Patrick Fagan,p38558.htm#i385579,,1274-01-01T00:00:00Z,,http://www.wikidata.org/prop/direct/P4638,http://www.wikidata.org/prop/direct/P4638,p38558.htm#i385579,p38558.htm#i385579
http://www.wikidata.org/entity/Q75892689,Patrick Fagan,p38558.htm#i385579,,1274-01-01T00:00:00Z,,http://www.wikidata.org/prop/direct/P570,http://www.wikidata.org/prop/direct/P570,1274-01-01T00:00:00Z,1274-01-01T00:00:00Z
http://www.wikidata.org/entity/Q75892689,Patrick Fagan,p38558.htm#i385579,,1274-01-01T00:00:00Z,,http://www.wikidata.org/prop/direct/P735,http://www.wikidata.org/prop/direct/P735,http://www.wikidata.org/entity/Q18002623,Patrick
http://www.wikidata.org/entity/Q75892692,Richard Fagan,p38559.htm#i385582,,1348-01-01T00:00:00Z,,http://www.wikidata.org/prop/direct/P21,http://www.wikidata.org/prop/direct/P21,http://www.wikidata.org/entity/Q6581097,male
http://www.wikidata.org/entity/Q75892692,Richard Fagan,p38559.htm#i385582,,1348-01-01T00:00:00Z,,http://www.wikidata.org/prop/direct/P22,http://www.wikidata.org/prop/direct/P22,http://www.wikidata.org/entity/Q75892689,Patrick Fagan
http://www.wikidata.org/entity/Q75892692,Richard Fagan,p38559.htm#i385582,,1348-01-01T00:00:00Z,,http://www.wikidata.org/prop/direct/P25,http://www.wikidata.org/prop/direct/P25,http://www.wikidata.org/entity/Q75892691,Susannah Barnewall
http://www.wikidata.org/entity/Q75892692,Richard Fagan,p38559.htm#i385582,,1348-01-01T00:00:00Z,,http://www.wikidata.org/prop/direct/P26,http://www.wikidata.org/prop/direct/P26,http://www.wikidata.org/entity/Q75892695,Margaret de Lacy
http://www.wikidata.org/entity/Q75892692,Richard Fagan,p38559.htm#i385582,,1348-01-01T00:00:00Z,,http://www.wikidata.org/prop/direct/P31,http://www.wikidata.org/prop/direct/P31,http://www.wikidata.org/entity/Q5,human
http://www.wikidata.org/entity/Q75892692,Richard Fagan,p38559.htm#i385582,,1348-01-01T00:00:00Z,,http://www.wikidata.org/prop/direct/P40,http://www.wikidata.org/prop/direct/P40,http://www.wikidata.org/entity/Q75892697,John Fagan
http://www.wikidata.org/entity/Q75892692,Richard Fagan,p38559.htm#i385582,,1348-01-01T00:00:00Z,,http://www.wikidata.org/prop/direct/P4638,http://www.wikidata.org/prop/direct/P4638,p38559.htm#i385582,p38559.htm#i385582
http://www.wikidata.org/entity/Q75892692,Richard Fagan,p38559.htm#i385582,,1348-01-01T00:00:00Z,,http://www.wikidata.org/prop/direct/P570,http://www.wikidata.org/prop/direct/P570,1348-01-01T00:00:00Z,1348-01-01T00:00:00Z
http://www.wikidata.org/entity/Q75892692,Richard Fagan,p38559.htm#i385582,,1348-01-01T00:00:00Z,,http://www.wikidata.org/prop/direct/P734,http://www.wikidata.org/prop/direct/P734,http://www.wikidata.org/entity/Q143129,Fagan
http://www.wikidata.org/entity/Q75892692,Richard Fagan,p38559.htm#i385582,,1348-01-01T00:00:00Z,,http://www.wikidata.org/prop/direct/P735,http://www.wikidata.org/prop/direct/P735,http://www.wikidata.org/entity/Q1249148,Richard
http://www.wikidata.org/entity/Q75892710,Christopher Fagan,p38560.htm#i385595,,1494-01-01T00:00:00Z,,http://www.wikidata.org/prop/direct/P21,http://www.wikidata.org/prop/direct/P21,http://www.wikidata.org/entity/Q6581097,male
http://www.wikidata.org/entity/Q75892710,Christopher Fagan,p38560.htm#i385595,,1494-01-01T00:00:00Z,,http://www.wikidata.org/prop/direct/P22,http://www.wikidata.org/prop/direct/P22,http://www.wikidata.org/entity/Q75892707,Richard Fagan
http://www.wikidata.org/entity/Q75892710,Christopher Fagan,p38560.htm#i385595,,1494-01-01T00:00:00Z,,http://www.wikidata.org/prop/direct/P25,http://www.wikidata.org/prop/direct/P25,http://www.wikidata.org/entity/Q75892709,Cecily FitzEustace
http://www.wikidata.org/entity/Q75892710,Christopher Fagan,p38560.htm#i385595,,1494-01-01T00:00:00Z,,http://www.wikidata.org/prop/direct/P26,http://www.wikidata.org/prop/direct/P26,http://www.wikidata.org/entity/Q75892712,Catherine FitzGerald
http://www.wikidata.org/entity/Q75892710,Christopher Fagan,p38560.htm#i385595,,1494-01-01T00:00:00Z,,http://www.wikidata.org/prop/direct/P31,http://www.wikidata.org/prop/direct/P31,http://www.wikidata.org/entity/Q5,human
http://www.wikidata.org/entity/Q75892710,Christopher Fagan,p38560.htm#i385595,,1494-01-01T00:00:00Z,,http://www.wikidata.org/prop/direct/P40,http://www.wikidata.org/prop/direct/P40,http://www.wikidata.org/entity/Q75892714,Richard Fagan
http://www.wikidata.org/entity/Q75892710,Christopher Fagan,p38560.htm#i385595,,1494-01-01T00:00:00Z,,http://www.wikidata.org/prop/direct/P40,http://www.wikidata.org/prop/direct/P40,http://www.wikidata.org/entity/Q75892719,Thomas Fagan
http://www.wikidata.org/entity/Q75892710,Christopher Fagan,p38560.htm#i385595,,1494-01-01T00:00:00Z,,http://www.wikidata.org/prop/direct/P40,http://www.wikidata.org/prop/direct/P40,http://www.wikidata.org/entity/Q75892721,Hugh Fagan
http://www.wikidata.org/entity/Q75892710,Christopher Fagan,p38560.htm#i385595,,1494-01-01T00:00:00Z,,http://www.wikidata.org/prop/direct/P40,http://www.wikidata.org/prop/direct/P40,http://www.wikidata.org/entity/Q75892722,James Fagan
http://www.wikidata.org/entity/Q75892710,Christopher Fagan,p38560.htm#i385595,,1494-01-01T00:00:00Z,,http://www.wikidata.org/prop/direct/P40,http://www.wikidata.org/prop/direct/P40,http://www.wikidata.org/entity/Q75892724,John Fagan
http://www.wikidata.org/entity/Q75892710,Christopher Fagan,p38560.htm#i385595,,1494-01-01T00:00:00Z,,http://www.wikidata.org/prop/direct/P1819,http://www.wikidata.org/prop/direct/P1819,I00599980,I00599980
http://www.wikidata.org/entity/Q75892710,Christopher Fagan,p38560.htm#i385595,,1494-01-01T00:00:00Z,,http://www.wikidata.org/prop/direct/P4638,http://www.wikidata.org/prop/direct/P4638,p38560.htm#i385595,p38560.htm#i385595
http://www.wikidata.org/entity/Q75892710,Christopher Fagan,p38560.htm#i385595,,1494-01-01T00:00:00Z,,http://www.wikidata.org/prop/direct/P570,http://www.wikidata.org/prop/direct/P570,1494-01-01T00:00:00Z,1494-01-01T00:00:00Z
http://www.wikidata.org/entity/Q75892710,Christopher Fagan,p38560.htm#i385595,,1494-01-01T00:00:00Z,,http://www.wikidata.org/prop/direct/P734,http://www.wikidata.org/prop/direct/P734,http://www.wikidata.org/entity/Q143129,Fagan
http://www.wikidata.org/entity/Q75892710,Christopher Fagan,p38560.htm#i385595,,1494-01-01T00:00:00Z,,http://www.wikidata.org/prop/direct/P735,http://www.wikidata.org/prop/direct/P735,http://www.wikidata.org/entity/Q1084472,Christopher
http://www.wikidata.org/entity/Q75892714,Richard Fagan,p38560.htm#i385598,,1494-01-01T00:00:00Z,,http://www.wikidata.org/prop/direct/P21,http://www.wikidata.org/prop/direct/P21,http://www.wikidata.org/entity/Q6581097,male
http://www.wikidata.org/entity/Q75892714,Richard Fagan,p38560.htm#i385598,,1494-01-01T00:00:00Z,,http://www.wikidata.org/prop/direct/P22,http://www.wikidata.org/prop/direct/P22,http://www.wikidata.org/entity/Q75892710,Christopher Fagan
http://www.wikidata.org/entity/Q75892714,Richard Fagan,p38560.htm#i385598,,1494-01-01T00:00:00Z,,http://www.wikidata.org/prop/direct/P25,http://www.wikidata.org/prop/direct/P25,http://www.wikidata.org/entity/Q75892712,Catherine FitzGerald
http://www.wikidata.org/entity/Q75892714,Richard Fagan,p38560.htm#i385598,,1494-01-01T00:00:00Z,,http://www.wikidata.org/prop/direct/P26,http://www.wikidata.org/prop/direct/P26,http://www.wikidata.org/entity/Q75892717,Anastasia Rochford
http://www.wikidata.org/entity/Q75892714,Richard Fagan,p38560.htm#i385598,,1494-01-01T00:00:00Z,,http://www.wikidata.org/prop/direct/P31,http://www.wikidata.org/prop/direct/P31,http://www.wikidata.org/entity/Q5,human
http://www.wikidata.org/entity/Q75892714,Richard Fagan,p38560.htm#i385598,,1494-01-01T00:00:00Z,,http://www.wikidata.org/prop/direct/P40,http://www.wikidata.org/prop/direct/P40,http://www.wikidata.org/entity/Q75892718,Thomas Fagan
http://www.wikidata.org/entity/Q75892714,Richard Fagan,p38560.htm#i385598,,1494-01-01T00:00:00Z,,http://www.wikidata.org/prop/direct/P1819,http://www.wikidata.org/prop/direct/P1819,I00599982,I00599982
http://www.wikidata.org/entity/Q75892714,Richard Fagan,p38560.htm#i385598,,1494-01-01T00:00:00Z,,http://www.wikidata.org/prop/direct/P4638,http://www.wikidata.org/prop/direct/P4638,p38560.htm#i385598,p38560.htm#i385598
http://www.wikidata.org/entity/Q75892714,Richard Fagan,p38560.htm#i385598,,1494-01-01T00:00:00Z,,http://www.wikidata.org/prop/direct/P570,http://www.wikidata.org/prop/direct/P570,1494-01-01T00:00:00Z,1494-01-01T00:00:00Z
http://www.wikidata.org/entity/Q75892714,Richard Fagan,p38560.htm#i385598,,1494-01-01T00:00:00Z,,http://www.wikidata.org/prop/direct/P735,http://www.wikidata.org/prop/direct/P735,http://www.wikidata.org/entity/Q1249148,Richard
http://www.wikidata.org/entity/Q75892718,Thomas Fagan,p38561.htm#i385601,1494-01-01T00:00:00Z,,,http://www.wikidata.org/prop/direct/P21,http://www.wikidata.org/prop/direct/P21,http://www.wikidata.org/entity/Q6581097,male
http://www.wikidata.org/entity/Q75892718,Thomas Fagan,p38561.htm#i385601,1494-01-01T00:00:00Z,,,http://www.wikidata.org/prop/direct/P22,http://www.wikidata.org/prop/direct/P22,http://www.wikidata.org/entity/Q75892714,Richard Fagan
http://www.wikidata.org/entity/Q75892718,Thomas Fagan,p38561.htm#i385601,1494-01-01T00:00:00Z,,,http://www.wikidata.org/prop/direct/P25,http://www.wikidata.org/prop/direct/P25,http://www.wikidata.org/entity/Q75892717,Anastasia Rochford
http://www.wikidata.org/entity/Q75892718,Thomas Fagan,p38561.htm#i385601,1494-01-01T00:00:00Z,,,http://www.wikidata.org/prop/direct/P26,http://www.wikidata.org/prop/direct/P26,http://www.wikidata.org/entity/Q75892732,Amy Nangle
http://www.wikidata.org/entity/Q75892718,Thomas Fagan,p38561.htm#i385601,1494-01-01T00:00:00Z,,,http://www.wikidata.org/prop/direct/P31,http://www.wikidata.org/prop/direct/P31,http://www.wikidata.org/entity/Q5,human
http://www.wikidata.org/entity/Q75892718,Thomas Fagan,p38561.htm#i385601,1494-01-01T00:00:00Z,,,http://www.wikidata.org/prop/direct/P40,http://www.wikidata.org/prop/direct/P40,http://www.wikidata.org/entity/Q75386469,Richard Fagan
http://www.wikidata.org/entity/Q75892718,Thomas Fagan,p38561.htm#i385601,1494-01-01T00:00:00Z,,,http://www.wikidata.org/prop/direct/P40,http://www.wikidata.org/prop/direct/P40,http://www.wikidata.org/entity/Q75892734,Christopher Fagan
http://www.wikidata.org/entity/Q75892718,Thomas Fagan,p38561.htm#i385601,1494-01-01T00:00:00Z,,,http://www.wikidata.org/prop/direct/P1819,http://www.wikidata.org/prop/direct/P1819,I00483308,I00483308
http://www.wikidata.org/entity/Q75892718,Thomas Fagan,p38561.htm#i385601,1494-01-01T00:00:00Z,,,http://www.wikidata.org/prop/direct/P4638,http://www.wikidata.org/prop/direct/P4638,p38561.htm#i385601,p38561.htm#i385601
http://www.wikidata.org/entity/Q75892718,Thomas Fagan,p38561.htm#i385601,1494-01-01T00:00:00Z,,,http://www.wikidata.org/prop/direct/P569,http://www.wikidata.org/prop/direct/P569,1494-01-01T00:00:00Z,1494-01-01T00:00:00Z
http://www.wikidata.org/entity/Q75892718,Thomas Fagan,p38561.htm#i385601,1494-01-01T00:00:00Z,,,http://www.wikidata.org/prop/direct/P734,http://www.wikidata.org/prop/direct/P734,http://www.wikidata.org/entity/Q143129,Fagan
http://www.wikidata.org/entity/Q75892718,Thomas Fagan,p38561.htm#i385601,1494-01-01T00:00:00Z,,,http://www.wikidata.org/prop/direct/P735,http://www.wikidata.org/prop/direct/P735,http://www.wikidata.org/entity/Q16428906,Thomas
http://www.wikidata.org/entity/Q75892721,Hugh Fagan,p38561.htm#i385603,,1494-01-01T00:00:00Z,,http://www.wikidata.org/prop/direct/P21,http://www.wikidata.org/prop/direct/P21,http://www.wikidata.org/entity/Q6581097,male
http://www.wikidata.org/entity/Q75892721,Hugh Fagan,p38561.htm#i385603,,1494-01-01T00:00:00Z,,http://www.wikidata.org/prop/direct/P22,http://www.wikidata.org/prop/direct/P22,http://www.wikidata.org/entity/Q75892710,Christopher Fagan
http://www.wikidata.org/entity/Q75892721,Hugh Fagan,p38561.htm#i385603,,1494-01-01T00:00:00Z,,http://www.wikidata.org/prop/direct/P25,http://www.wikidata.org/prop/direct/P25,http://www.wikidata.org/entity/Q75892712,Catherine FitzGerald
http://www.wikidata.org/entity/Q75892721,Hugh Fagan,p38561.htm#i385603,,1494-01-01T00:00:00Z,,http://www.wikidata.org/prop/direct/P31,http://www.wikidata.org/prop/direct/P31,http://www.wikidata.org/entity/Q5,human
http://www.wikidata.org/entity/Q75892721,Hugh Fagan,p38561.htm#i385603,,1494-01-01T00:00:00Z,,http://www.wikidata.org/prop/direct/P4638,http://www.wikidata.org/prop/direct/P4638,p38561.htm#i385603,p38561.htm#i385603
http://www.wikidata.org/entity/Q75892721,Hugh Fagan,p38561.htm#i385603,,1494-01-01T00:00:00Z,,http://www.wikidata.org/prop/direct/P570,http://www.wikidata.org/prop/direct/P570,1494-01-01T00:00:00Z,1494-01-01T00:00:00Z
http://www.wikidata.org/entity/Q75892721,Hugh Fagan,p38561.htm#i385603,,1494-01-01T00:00:00Z,,http://www.wikidata.org/prop/direct/P735,http://www.wikidata.org/prop/direct/P735,http://www.wikidata.org/entity/Q839387,Hugh
http://www.wikidata.org/entity/Q75893265,John Beresford,p38600.htm#i386000,,1475-01-01T00:00:00Z,,http://www.wikidata.org/prop/direct/P21,http://www.wikidata.org/prop/direct/P21,http://www.wikidata.org/entity/Q6581097,male
http://www.wikidata.org/entity/Q75893265,John Beresford,p38600.htm#i386000,,1475-01-01T00:00:00Z,,http://www.wikidata.org/prop/direct/P22,http://www.wikidata.org/prop/direct/P22,http://www.wikidata.org/entity/Q110618355,"John Beresford, of Beresford"
http://www.wikidata.org/entity/Q75893265,John Beresford,p38600.htm#i386000,,1475-01-01T00:00:00Z,,http://www.wikidata.org/prop/direct/P25,http://www.wikidata.org/prop/direct/P25,http://www.wikidata.org/entity/Q110618356,Cecilia
http://www.wikidata.org/entity/Q75893265,John Beresford,p38600.htm#i386000,,1475-01-01T00:00:00Z,,http://www.wikidata.org/prop/direct/P26,http://www.wikidata.org/prop/direct/P26,http://www.wikidata.org/entity/Q75972917,Elizabeth Basset
http://www.wikidata.org/entity/Q75893265,John Beresford,p38600.htm#i386000,,1475-01-01T00:00:00Z,,http://www.wikidata.org/prop/direct/P31,http://www.wikidata.org/prop/direct/P31,http://www.wikidata.org/entity/Q5,human
http://www.wikidata.org/entity/Q75893265,John Beresford,p38600.htm#i386000,,1475-01-01T00:00:00Z,,http://www.wikidata.org/prop/direct/P40,http://www.wikidata.org/prop/direct/P40,http://www.wikidata.org/entity/Q75546458,Thomas Beresford
http://www.wikidata.org/entity/Q75893265,John Beresford,p38600.htm#i386000,,1475-01-01T00:00:00Z,,http://www.wikidata.org/prop/direct/P40,http://www.wikidata.org/prop/direct/P40,http://www.wikidata.org/entity/Q76248209,unknown Beresford
http://www.wikidata.org/entity/Q75893265,John Beresford,p38600.htm#i386000,,1475-01-01T00:00:00Z,,http://www.wikidata.org/prop/direct/P1819,http://www.wikidata.org/prop/direct/P1819,I00055533,I00055533
http://www.wikidata.org/entity/Q75893265,John Beresford,p38600.htm#i386000,,1475-01-01T00:00:00Z,,http://www.wikidata.org/prop/direct/P2949,http://www.wikidata.org/prop/direct/P2949,Beresford-165,Beresford-165
http://www.wikidata.org/entity/Q75893265,John Beresford,p38600.htm#i386000,,1475-01-01T00:00:00Z,,http://www.wikidata.org/prop/direct/P4638,http://www.wikidata.org/prop/direct/P4638,p38600.htm#i386000,p38600.htm#i386000
http://www.wikidata.org/entity/Q75893265,John Beresford,p38600.htm#i386000,,1475-01-01T00:00:00Z,,http://www.wikidata.org/prop/direct/P5008,http://www.wikidata.org/prop/direct/P5008,http://www.wikidata.org/entity/Q98755339,TP updated between September 2019 and August 2020
http://www.wikidata.org/entity/Q75893265,John Beresford,p38600.htm#i386000,,1475-01-01T00:00:00Z,,http://www.wikidata.org/prop/direct/P570,http://www.wikidata.org/prop/direct/P570,1475-01-01T00:00:00Z,1475-01-01T00:00:00Z
http://www.wikidata.org/entity/Q75893265,John Beresford,p38600.htm#i386000,,1475-01-01T00:00:00Z,,http://www.wikidata.org/prop/direct/P734,http://www.wikidata.org/prop/direct/P734,http://www.wikidata.org/entity/Q16479596,Beresford
http://www.wikidata.org/entity/Q75893265,John Beresford,p38600.htm#i386000,,1475-01-01T00:00:00Z,,http://www.wikidata.org/prop/direct/P735,http://www.wikidata.org/prop/direct/P735,http://www.wikidata.org/entity/Q4925477,John
http://www.wikidata.org/entity/Q75893530,John ffrench,p38620.htm#i386198,1489-01-01T00:00:00Z,1545-01-01T00:00:00Z,,http://www.wikidata.org/prop/direct/P21,http://www.wikidata.org/prop/direct/P21,http://www.wikidata.org/entity/Q6581097,male
http://www.wikidata.org/entity/Q75893530,John ffrench,p38620.htm#i386198,1489-01-01T00:00:00Z,1545-01-01T00:00:00Z,,http://www.wikidata.org/prop/direct/P22,http://www.wikidata.org/prop/direct/P22,http://www.wikidata.org/entity/Q76005861,Walter Freynsh
http://www.wikidata.org/entity/Q75893530,John ffrench,p38620.htm#i386198,1489-01-01T00:00:00Z,1545-01-01T00:00:00Z,,http://www.wikidata.org/prop/direct/P31,http://www.wikidata.org/prop/direct/P31,http://www.wikidata.org/entity/Q5,human
http://www.wikidata.org/entity/Q75893530,John ffrench,p38620.htm#i386198,1489-01-01T00:00:00Z,1545-01-01T00:00:00Z,,http://www.wikidata.org/prop/direct/P40,http://www.wikidata.org/prop/direct/P40,http://www.wikidata.org/entity/Q75308307,Dominick ffrench
http://www.wikidata.org/entity/Q75893530,John ffrench,p38620.htm#i386198,1489-01-01T00:00:00Z,1545-01-01T00:00:00Z,,http://www.wikidata.org/prop/direct/P40,http://www.wikidata.org/prop/direct/P40,http://www.wikidata.org/entity/Q75441617,Robuck ffrench
http://www.wikidata.org/entity/Q75893530,John ffrench,p38620.htm#i386198,1489-01-01T00:00:00Z,1545-01-01T00:00:00Z,,http://www.wikidata.org/prop/direct/P40,http://www.wikidata.org/prop/direct/P40,http://www.wikidata.org/entity/Q75893531,Peter ffrench
http://www.wikidata.org/entity/Q75893530,John ffrench,p38620.htm#i386198,1489-01-01T00:00:00Z,1545-01-01T00:00:00Z,,http://www.wikidata.org/prop/direct/P40,http://www.wikidata.org/prop/direct/P40,http://www.wikidata.org/entity/Q75893535,Marcus ffrench
http://www.wikidata.org/entity/Q75893530,John ffrench,p38620.htm#i386198,1489-01-01T00:00:00Z,1545-01-01T00:00:00Z,,http://www.wikidata.org/prop/direct/P4638,http://www.wikidata.org/prop/direct/P4638,p38620.htm#i386198,p38620.htm#i386198
http://www.wikidata.org/entity/Q75893530,John ffrench,p38620.htm#i386198,1489-01-01T00:00:00Z,1545-01-01T00:00:00Z,,http://www.wikidata.org/prop/direct/P569,http://www.wikidata.org/prop/direct/P569,1489-01-01T00:00:00Z,1489-01-01T00:00:00Z
http://www.wikidata.org/entity/Q75893530,John ffrench,p38620.htm#i386198,1489-01-01T00:00:00Z,1545-01-01T00:00:00Z,,http://www.wikidata.org/prop/direct/P570,http://www.wikidata.org/prop/direct/P570,1545-01-01T00:00:00Z,1545-01-01T00:00:00Z
http://www.wikidata.org/entity/Q75893530,John ffrench,p38620.htm#i386198,1489-01-01T00:00:00Z,1545-01-01T00:00:00Z,,http://www.wikidata.org/prop/direct/P734,http://www.wikidata.org/prop/direct/P734,http://www.wikidata.org/entity/Q77622521,ffrench
http://www.wikidata.org/entity/Q75893530,John ffrench,p38620.htm#i386198,1489-01-01T00:00:00Z,1545-01-01T00:00:00Z,,http://www.wikidata.org/prop/direct/P735,http://www.wikidata.org/prop/direct/P735,http://www.wikidata.org/entity/Q4925477,John
http://www.wikidata.org/entity/Q75894372,Sir Thomas fitz John,p38685.htm#i386845,1290-01-01T00:00:00Z,http://www.wikidata.org/.well-known/genid/e2683d36b6677b8ad994a0a6f588fae8,,http://www.wikidata.org/prop/direct/P21,http://www.wikidata.org/prop/direct/P21,http://www.wikidata.org/entity/Q6581097,male
http://www.wikidata.org/entity/Q75894372,Sir Thomas fitz John,p38685.htm#i386845,1290-01-01T00:00:00Z,http://www.wikidata.org/.well-known/genid/e2683d36b6677b8ad994a0a6f588fae8,,http://www.wikidata.org/prop/direct/P22,http://www.wikidata.org/prop/direct/P22,http://www.wikidata.org/entity/Q75519867,"Sir John fitz John, 1st Knight of Glin"
http://www.wikidata.org/entity/Q75894372,Sir Thomas fitz John,p38685.htm#i386845,1290-01-01T00:00:00Z,http://www.wikidata.org/.well-known/genid/e2683d36b6677b8ad994a0a6f588fae8,,http://www.wikidata.org/prop/direct/P25,http://www.wikidata.org/prop/direct/P25,http://www.wikidata.org/entity/Q75894371,unknown Giles
http://www.wikidata.org/entity/Q75894372,Sir Thomas fitz John,p38685.htm#i386845,1290-01-01T00:00:00Z,http://www.wikidata.org/.well-known/genid/e2683d36b6677b8ad994a0a6f588fae8,,http://www.wikidata.org/prop/direct/P31,http://www.wikidata.org/prop/direct/P31,http://www.wikidata.org/entity/Q5,human
http://www.wikidata.org/entity/Q75894372,Sir Thomas fitz John,p38685.htm#i386845,1290-01-01T00:00:00Z,http://www.wikidata.org/.well-known/genid/e2683d36b6677b8ad994a0a6f588fae8,,http://www.wikidata.org/prop/direct/P40,http://www.wikidata.org/prop/direct/P40,http://www.wikidata.org/entity/Q75894390,Sir John fitz Thomas
http://www.wikidata.org/entity/Q75894372,Sir Thomas fitz John,p38685.htm#i386845,1290-01-01T00:00:00Z,http://www.wikidata.org/.well-known/genid/e2683d36b6677b8ad994a0a6f588fae8,,http://www.wikidata.org/prop/direct/P40,http://www.wikidata.org/prop/direct/P40,http://www.wikidata.org/entity/Q75894391,Thomas fitz Thomas
http://www.wikidata.org/entity/Q75894372,Sir Thomas fitz John,p38685.htm#i386845,1290-01-01T00:00:00Z,http://www.wikidata.org/.well-known/genid/e2683d36b6677b8ad994a0a6f588fae8,,http://www.wikidata.org/prop/direct/P1819,http://www.wikidata.org/prop/direct/P1819,I00117238,I00117238
http://www.wikidata.org/entity/Q75894372,Sir Thomas fitz John,p38685.htm#i386845,1290-01-01T00:00:00Z,http://www.wikidata.org/.well-known/genid/e2683d36b6677b8ad994a0a6f588fae8,,http://www.wikidata.org/prop/direct/P2949,http://www.wikidata.org/prop/direct/P2949,FitzJohn-170,FitzJohn-170
http://www.wikidata.org/entity/Q75894372,Sir Thomas fitz John,p38685.htm#i386845,1290-01-01T00:00:00Z,http://www.wikidata.org/.well-known/genid/e2683d36b6677b8ad994a0a6f588fae8,,http://www.wikidata.org/prop/direct/P4638,http://www.wikidata.org/prop/direct/P4638,p38685.htm#i386845,p38685.htm#i386845
http://www.wikidata.org/entity/Q75894372,Sir Thomas fitz John,p38685.htm#i386845,1290-01-01T00:00:00Z,http://www.wikidata.org/.well-known/genid/e2683d36b6677b8ad994a0a6f588fae8,,http://www.wikidata.org/prop/direct/P511,http://www.wikidata.org/prop/direct/P511,http://www.wikidata.org/entity/Q209690,Sir
http://www.wikidata.org/entity/Q75894372,Sir Thomas fitz John,p38685.htm#i386845,1290-01-01T00:00:00Z,http://www.wikidata.org/.well-known/genid/e2683d36b6677b8ad994a0a6f588fae8,,http://www.wikidata.org/prop/direct/P569,http://www.wikidata.org/prop/direct/P569,1290-01-01T00:00:00Z,1290-01-01T00:00:00Z
http://www.wikidata.org/entity/Q75894372,Sir Thomas fitz John,p38685.htm#i386845,1290-01-01T00:00:00Z,http://www.wikidata.org/.well-known/genid/e2683d36b6677b8ad994a0a6f588fae8,,http://www.wikidata.org/prop/direct/P570,http://www.wikidata.org/prop/direct/P570,http://www.wikidata.org/.well-known/genid/e2683d36b6677b8ad994a0a6f588fae8,http://www.wikidata.org/.well-known/genid/e2683d36b6677b8ad994a0a6f588fae8
http://www.wikidata.org/entity/Q75894372,Sir Thomas fitz John,p38685.htm#i386845,1290-01-01T00:00:00Z,http://www.wikidata.org/.well-known/genid/e2683d36b6677b8ad994a0a6f588fae8,,http://www.wikidata.org/prop/direct/P735,http://www.wikidata.org/prop/direct/P735,http://www.wikidata.org/entity/Q16428906,Thomas
http://www.wikidata.org/entity/Q75894390,Sir John fitz Thomas,p38686.htm#i386858,1310-01-01T00:00:00Z,,,http://www.wikidata.org/prop/direct/P21,http://www.wikidata.org/prop/direct/P21,http://www.wikidata.org/entity/Q6581097,male
http://www.wikidata.org/entity/Q75894390,Sir John fitz Thomas,p38686.htm#i386858,1310-01-01T00:00:00Z,,,http://www.wikidata.org/prop/direct/P22,http://www.wikidata.org/prop/direct/P22,http://www.wikidata.org/entity/Q75894372,Sir Thomas fitz John
http://www.wikidata.org/entity/Q75894390,Sir John fitz Thomas,p38686.htm#i386858,1310-01-01T00:00:00Z,,,http://www.wikidata.org/prop/direct/P26,http://www.wikidata.org/prop/direct/P26,http://www.wikidata.org/entity/Q75894393,unknown wife (?)
http://www.wikidata.org/entity/Q75894390,Sir John fitz Thomas,p38686.htm#i386858,1310-01-01T00:00:00Z,,,http://www.wikidata.org/prop/direct/P31,http://www.wikidata.org/prop/direct/P31,http://www.wikidata.org/entity/Q5,human
http://www.wikidata.org/entity/Q75894390,Sir John fitz Thomas,p38686.htm#i386858,1310-01-01T00:00:00Z,,,http://www.wikidata.org/prop/direct/P40,http://www.wikidata.org/prop/direct/P40,http://www.wikidata.org/entity/Q75894394,Philip fitz John
http://www.wikidata.org/entity/Q75894390,Sir John fitz Thomas,p38686.htm#i386858,1310-01-01T00:00:00Z,,,http://www.wikidata.org/prop/direct/P40,http://www.wikidata.org/prop/direct/P40,http://www.wikidata.org/entity/Q75894395,"Thomas fitz John, 8th Knight of Glin"
http://www.wikidata.org/entity/Q75894390,Sir John fitz Thomas,p38686.htm#i386858,1310-01-01T00:00:00Z,,,http://www.wikidata.org/prop/direct/P1819,http://www.wikidata.org/prop/direct/P1819,I00117239,I00117239
http://www.wikidata.org/entity/Q75894390,Sir John fitz Thomas,p38686.htm#i386858,1310-01-01T00:00:00Z,,,http://www.wikidata.org/prop/direct/P2949,http://www.wikidata.org/prop/direct/P2949,FitzThomas-24,FitzThomas-24
http://www.wikidata.org/entity/Q75894390,Sir John fitz Thomas,p38686.htm#i386858,1310-01-01T00:00:00Z,,,http://www.wikidata.org/prop/direct/P4638,http://www.wikidata.org/prop/direct/P4638,p38686.htm#i386858,p38686.htm#i386858
http://www.wikidata.org/entity/Q75894390,Sir John fitz Thomas,p38686.htm#i386858,1310-01-01T00:00:00Z,,,http://www.wikidata.org/prop/direct/P511,http://www.wikidata.org/prop/direct/P511,http://www.wikidata.org/entity/Q209690,Sir
http://www.wikidata.org/entity/Q75894390,Sir John fitz Thomas,p38686.htm#i386858,1310-01-01T00:00:00Z,,,http://www.wikidata.org/prop/direct/P569,http://www.wikidata.org/prop/direct/P569,1310-01-01T00:00:00Z,1310-01-01T00:00:00Z
http://www.wikidata.org/entity/Q75894390,Sir John fitz Thomas,p38686.htm#i386858,1310-01-01T00:00:00Z,,,http://www.wikidata.org/prop/direct/P735,http://www.wikidata.org/prop/direct/P735,http://www.wikidata.org/entity/Q4925477,John
http://www.wikidata.org/entity/Q75894395,"Thomas fitz John, 8th Knight of Glin",p38687.htm#i386862,,1402-01-01T00:00:00Z,,http://www.wikidata.org/prop/direct/P21,http://www.wikidata.org/prop/direct/P21,http://www.wikidata.org/entity/Q6581097,male
http://www.wikidata.org/entity/Q75894395,"Thomas fitz John, 8th Knight of Glin",p38687.htm#i386862,,1402-01-01T00:00:00Z,,http://www.wikidata.org/prop/direct/P22,http://www.wikidata.org/prop/direct/P22,http://www.wikidata.org/entity/Q75894390,Sir John fitz Thomas
http://www.wikidata.org/entity/Q75894395,"Thomas fitz John, 8th Knight of Glin",p38687.htm#i386862,,1402-01-01T00:00:00Z,,http://www.wikidata.org/prop/direct/P25,http://www.wikidata.org/prop/direct/P25,http://www.wikidata.org/entity/Q75894393,unknown wife (?)
http://www.wikidata.org/entity/Q75894395,"Thomas fitz John, 8th Knight of Glin",p38687.htm#i386862,,1402-01-01T00:00:00Z,,http://www.wikidata.org/prop/direct/P31,http://www.wikidata.org/prop/direct/P31,http://www.wikidata.org/entity/Q5,human
http://www.wikidata.org/entity/Q75894395,"Thomas fitz John, 8th Knight of Glin",p38687.htm#i386862,,1402-01-01T00:00:00Z,,http://www.wikidata.org/prop/direct/P40,http://www.wikidata.org/prop/direct/P40,http://www.wikidata.org/entity/Q75894396,"Philip fitz Thomas, 9th Knight of Glin"
http://www.wikidata.org/entity/Q75894395,"Thomas fitz John, 8th Knight of Glin",p38687.htm#i386862,,1402-01-01T00:00:00Z,,http://www.wikidata.org/prop/direct/P1819,http://www.wikidata.org/prop/direct/P1819,I00117242,I00117242
http://www.wikidata.org/entity/Q75894395,"Thomas fitz John, 8th Knight of Glin",p38687.htm#i386862,,1402-01-01T00:00:00Z,,http://www.wikidata.org/prop/direct/P2949,http://www.wikidata.org/prop/direct/P2949,FitzJohn-169,FitzJohn-169
http://www.wikidata.org/entity/Q75894395,"Thomas fitz John, 8th Knight of Glin",p38687.htm#i386862,,1402-01-01T00:00:00Z,,http://www.wikidata.org/prop/direct/P4638,http://www.wikidata.org/prop/direct/P4638,p38687.htm#i386862,p38687.htm#i386862
http://www.wikidata.org/entity/Q75894395,"Thomas fitz John, 8th Knight of Glin",p38687.htm#i386862,,1402-01-01T00:00:00Z,,http://www.wikidata.org/prop/direct/P570,http://www.wikidata.org/prop/direct/P570,1402-01-01T00:00:00Z,1402-01-01T00:00:00Z
http://www.wikidata.org/entity/Q75894395,"Thomas fitz John, 8th Knight of Glin",p38687.htm#i386862,,1402-01-01T00:00:00Z,,http://www.wikidata.org/prop/direct/P735,http://www.wikidata.org/prop/direct/P735,http://www.wikidata.org/entity/Q16428906,Thomas
http://www.wikidata.org/entity/Q75894406,"John fitz Thomas, 12th Knight of Glin",p38688.htm#i386871,1480-01-01T00:00:00Z,1541-03-01T00:00:00Z,,http://www.wikidata.org/prop/direct/P21,http://www.wikidata.org/prop/direct/P21,http://www.wikidata.org/entity/Q6581097,male
http://www.wikidata.org/entity/Q75894406,"John fitz Thomas, 12th Knight of Glin",p38688.htm#i386871,1480-01-01T00:00:00Z,1541-03-01T00:00:00Z,,http://www.wikidata.org/prop/direct/P22,http://www.wikidata.org/prop/direct/P22,http://www.wikidata.org/entity/Q75459653,"Thomas fitz Philip, 10th Knight of Glin"
http://www.wikidata.org/entity/Q75894406,"John fitz Thomas, 12th Knight of Glin",p38688.htm#i386871,1480-01-01T00:00:00Z,1541-03-01T00:00:00Z,,http://www.wikidata.org/prop/direct/P25,http://www.wikidata.org/prop/direct/P25,http://www.wikidata.org/entity/Q75459581,Mary FitzMaurice
http://www.wikidata.org/entity/Q75894406,"John fitz Thomas, 12th Knight of Glin",p38688.htm#i386871,1480-01-01T00:00:00Z,1541-03-01T00:00:00Z,,http://www.wikidata.org/prop/direct/P31,http://www.wikidata.org/prop/direct/P31,http://www.wikidata.org/entity/Q5,human
http://www.wikidata.org/entity/Q75894406,"John fitz Thomas, 12th Knight of Glin",p38688.htm#i386871,1480-01-01T00:00:00Z,1541-03-01T00:00:00Z,,http://www.wikidata.org/prop/direct/P40,http://www.wikidata.org/prop/direct/P40,http://www.wikidata.org/entity/Q75278711,Eleanor fitz John
http://www.wikidata.org/entity/Q75894406,"John fitz Thomas, 12th Knight of Glin",p38688.htm#i386871,1480-01-01T00:00:00Z,1541-03-01T00:00:00Z,,http://www.wikidata.org/prop/direct/P40,http://www.wikidata.org/prop/direct/P40,http://www.wikidata.org/entity/Q75709541,"Thomas fitz John, 13th Knight of Glin"
http://www.wikidata.org/entity/Q75894406,"John fitz Thomas, 12th Knight of Glin",p38688.htm#i386871,1480-01-01T00:00:00Z,1541-03-01T00:00:00Z,,http://www.wikidata.org/prop/direct/P40,http://www.wikidata.org/prop/direct/P40,http://www.wikidata.org/entity/Q75894423,Edmond fitz John
http://www.wikidata.org/entity/Q75894406,"John fitz Thomas, 12th Knight of Glin",p38688.htm#i386871,1480-01-01T00:00:00Z,1541-03-01T00:00:00Z,,http://www.wikidata.org/prop/direct/P40,http://www.wikidata.org/prop/direct/P40,http://www.wikidata.org/entity/Q75894443,Joan fitz John
http://www.wikidata.org/entity/Q75894406,"John fitz Thomas, 12th Knight of Glin",p38688.htm#i386871,1480-01-01T00:00:00Z,1541-03-01T00:00:00Z,,http://www.wikidata.org/prop/direct/P40,http://www.wikidata.org/prop/direct/P40,http://www.wikidata.org/entity/Q75894446,unknown daughter fitz John
http://www.wikidata.org/entity/Q75894406,"John fitz Thomas, 12th Knight of Glin",p38688.htm#i386871,1480-01-01T00:00:00Z,1541-03-01T00:00:00Z,,http://www.wikidata.org/prop/direct/P40,http://www.wikidata.org/prop/direct/P40,http://www.wikidata.org/entity/Q75894448,Amy fitz John
http://www.wikidata.org/entity/Q75894406,"John fitz Thomas, 12th Knight of Glin",p38688.htm#i386871,1480-01-01T00:00:00Z,1541-03-01T00:00:00Z,,http://www.wikidata.org/prop/direct/P40,http://www.wikidata.org/prop/direct/P40,http://www.wikidata.org/entity/Q75894451,unknown daughter fitz John
http://www.wikidata.org/entity/Q75894406,"John fitz Thomas, 12th Knight of Glin",p38688.htm#i386871,1480-01-01T00:00:00Z,1541-03-01T00:00:00Z,,http://www.wikidata.org/prop/direct/P40,http://www.wikidata.org/prop/direct/P40,http://www.wikidata.org/entity/Q75894455,unknown daughter fitz John
http://www.wikidata.org/entity/Q75894406,"John fitz Thomas, 12th Knight of Glin",p38688.htm#i386871,1480-01-01T00:00:00Z,1541-03-01T00:00:00Z,,http://www.wikidata.org/prop/direct/P40,http://www.wikidata.org/prop/direct/P40,http://www.wikidata.org/entity/Q75894457,unknown daughter fitz John
http://www.wikidata.org/entity/Q75894406,"John fitz Thomas, 12th Knight of Glin",p38688.htm#i386871,1480-01-01T00:00:00Z,1541-03-01T00:00:00Z,,http://www.wikidata.org/prop/direct/P1819,http://www.wikidata.org/prop/direct/P1819,I00117235,I00117235
http://www.wikidata.org/entity/Q75894406,"John fitz Thomas, 12th Knight of Glin",p38688.htm#i386871,1480-01-01T00:00:00Z,1541-03-01T00:00:00Z,,http://www.wikidata.org/prop/direct/P2949,http://www.wikidata.org/prop/direct/P2949,FitzThomas-22,FitzThomas-22
http://www.wikidata.org/entity/Q75894406,"John fitz Thomas, 12th Knight of Glin",p38688.htm#i386871,1480-01-01T00:00:00Z,1541-03-01T00:00:00Z,,http://www.wikidata.org/prop/direct/P4638,http://www.wikidata.org/prop/direct/P4638,p38688.htm#i386871,p38688.htm#i386871
http://www.wikidata.org/entity/Q75894406,"John fitz Thomas, 12th Knight of Glin",p38688.htm#i386871,1480-01-01T00:00:00Z,1541-03-01T00:00:00Z,,http://www.wikidata.org/prop/direct/P511,http://www.wikidata.org/prop/direct/P511,http://www.wikidata.org/entity/Q841594,Reverend
http://www.wikidata.org/entity/Q75894406,"John fitz Thomas, 12th Knight of Glin",p38688.htm#i386871,1480-01-01T00:00:00Z,1541-03-01T00:00:00Z,,http://www.wikidata.org/prop/direct/P569,http://www.wikidata.org/prop/direct/P569,1480-01-01T00:00:00Z,1480-01-01T00:00:00Z
http://www.wikidata.org/entity/Q75894406,"John fitz Thomas, 12th Knight of Glin",p38688.htm#i386871,1480-01-01T00:00:00Z,1541-03-01T00:00:00Z,,http://www.wikidata.org/prop/direct/P570,http://www.wikidata.org/prop/direct/P570,1541-03-01T00:00:00Z,1541-03-01T00:00:00Z
http://www.wikidata.org/entity/Q75894406,"John fitz Thomas, 12th Knight of Glin",p38688.htm#i386871,1480-01-01T00:00:00Z,1541-03-01T00:00:00Z,,http://www.wikidata.org/prop/direct/P735,http://www.wikidata.org/prop/direct/P735,http://www.wikidata.org/entity/Q4925477,John
http://www.wikidata.org/entity/Q75894422,Christopher Wellesley,p38689.htm#i386883,1410-01-01T00:00:00Z,1464-01-01T00:00:00Z,,http://www.wikidata.org/prop/direct/P21,http://www.wikidata.org/prop/direct/P21,http://www.wikidata.org/entity/Q6581097,male
http://www.wikidata.org/entity/Q75894422,Christopher Wellesley,p38689.htm#i386883,1410-01-01T00:00:00Z,1464-01-01T00:00:00Z,,http://www.wikidata.org/prop/direct/P22,http://www.wikidata.org/prop/direct/P22,http://www.wikidata.org/entity/Q75894453,Sir Richard de Wellesley
http://www.wikidata.org/entity/Q75894422,Christopher Wellesley,p38689.htm#i386883,1410-01-01T00:00:00Z,1464-01-01T00:00:00Z,,http://www.wikidata.org/prop/direct/P25,http://www.wikidata.org/prop/direct/P25,http://www.wikidata.org/entity/Q75894454,Joan de Castle Martin
http://www.wikidata.org/entity/Q75894422,Christopher Wellesley,p38689.htm#i386883,1410-01-01T00:00:00Z,1464-01-01T00:00:00Z,,http://www.wikidata.org/prop/direct/P31,http://www.wikidata.org/prop/direct/P31,http://www.wikidata.org/entity/Q5,human
http://www.wikidata.org/entity/Q75894422,Christopher Wellesley,p38689.htm#i386883,1410-01-01T00:00:00Z,1464-01-01T00:00:00Z,,http://www.wikidata.org/prop/direct/P40,http://www.wikidata.org/prop/direct/P40,http://www.wikidata.org/entity/Q75386376,Sir William Wellesley
http://www.wikidata.org/entity/Q75894422,Christopher Wellesley,p38689.htm#i386883,1410-01-01T00:00:00Z,1464-01-01T00:00:00Z,,http://www.wikidata.org/prop/direct/P1819,http://www.wikidata.org/prop/direct/P1819,I00112408,I00112408
http://www.wikidata.org/entity/Q75894422,Christopher Wellesley,p38689.htm#i386883,1410-01-01T00:00:00Z,1464-01-01T00:00:00Z,,http://www.wikidata.org/prop/direct/P2949,http://www.wikidata.org/prop/direct/P2949,Wellesley-58,Wellesley-58
http://www.wikidata.org/entity/Q75894422,Christopher Wellesley,p38689.htm#i386883,1410-01-01T00:00:00Z,1464-01-01T00:00:00Z,,http://www.wikidata.org/prop/direct/P4638,http://www.wikidata.org/prop/direct/P4638,p38689.htm#i386883,p38689.htm#i386883
http://www.wikidata.org/entity/Q75894422,Christopher Wellesley,p38689.htm#i386883,1410-01-01T00:00:00Z,1464-01-01T00:00:00Z,,http://www.wikidata.org/prop/direct/P569,http://www.wikidata.org/prop/direct/P569,1410-01-01T00:00:00Z,1410-01-01T00:00:00Z
http://www.wikidata.org/entity/Q75894422,Christopher Wellesley,p38689.htm#i386883,1410-01-01T00:00:00Z,1464-01-01T00:00:00Z,,http://www.wikidata.org/prop/direct/P570,http://www.wikidata.org/prop/direct/P570,1464-01-01T00:00:00Z,1464-01-01T00:00:00Z
http://www.wikidata.org/entity/Q75894422,Christopher Wellesley,p38689.htm#i386883,1410-01-01T00:00:00Z,1464-01-01T00:00:00Z,,http://www.wikidata.org/prop/direct/P734,http://www.wikidata.org/prop/direct/P734,http://www.wikidata.org/entity/Q37564353,Wellesley
http://www.wikidata.org/entity/Q75894422,Christopher Wellesley,p38689.htm#i386883,1410-01-01T00:00:00Z,1464-01-01T00:00:00Z,,http://www.wikidata.org/prop/direct/P735,http://www.wikidata.org/prop/direct/P735,http://www.wikidata.org/entity/Q1084472,Christopher
http://www.wikidata.org/entity/Q75894453,Sir Richard de Wellesley,p38691.htm#i386908,1390-01-01T00:00:00Z,,,http://www.wikidata.org/prop/direct/P21,http://www.wikidata.org/prop/direct/P21,http://www.wikidata.org/entity/Q6581097,male
http://www.wikidata.org/entity/Q75894453,Sir Richard de Wellesley,p38691.htm#i386908,1390-01-01T00:00:00Z,,,http://www.wikidata.org/prop/direct/P22,http://www.wikidata.org/prop/direct/P22,http://www.wikidata.org/entity/Q112611249,"Sir William de Wellesley, of Pollardstown"
http://www.wikidata.org/entity/Q75894453,Sir Richard de Wellesley,p38691.htm#i386908,1390-01-01T00:00:00Z,,,http://www.wikidata.org/prop/direct/P26,http://www.wikidata.org/prop/direct/P26,http://www.wikidata.org/entity/Q75894454,Joan de Castle Martin
http://www.wikidata.org/entity/Q75894453,Sir Richard de Wellesley,p38691.htm#i386908,1390-01-01T00:00:00Z,,,http://www.wikidata.org/prop/direct/P31,http://www.wikidata.org/prop/direct/P31,http://www.wikidata.org/entity/Q5,human
http://www.wikidata.org/entity/Q75894453,Sir Richard de Wellesley,p38691.htm#i386908,1390-01-01T00:00:00Z,,,http://www.wikidata.org/prop/direct/P40,http://www.wikidata.org/prop/direct/P40,http://www.wikidata.org/entity/Q75894422,Christopher Wellesley
http://www.wikidata.org/entity/Q75894453,Sir Richard de Wellesley,p38691.htm#i386908,1390-01-01T00:00:00Z,,,http://www.wikidata.org/prop/direct/P1819,http://www.wikidata.org/prop/direct/P1819,I00112427,I00112427
http://www.wikidata.org/entity/Q75894453,Sir Richard de Wellesley,p38691.htm#i386908,1390-01-01T00:00:00Z,,,http://www.wikidata.org/prop/direct/P2949,http://www.wikidata.org/prop/direct/P2949,Wellesley-59,Wellesley-59
http://www.wikidata.org/entity/Q75894453,Sir Richard de Wellesley,p38691.htm#i386908,1390-01-01T00:00:00Z,,,http://www.wikidata.org/prop/direct/P4638,http://www.wikidata.org/prop/direct/P4638,p38691.htm#i386908,p38691.htm#i386908
http://www.wikidata.org/entity/Q75894453,Sir Richard de Wellesley,p38691.htm#i386908,1390-01-01T00:00:00Z,,,http://www.wikidata.org/prop/direct/P511,http://www.wikidata.org/prop/direct/P511,http://www.wikidata.org/entity/Q209690,Sir
http://www.wikidata.org/entity/Q75894453,Sir Richard de Wellesley,p38691.htm#i386908,1390-01-01T00:00:00Z,,,http://www.wikidata.org/prop/direct/P569,http://www.wikidata.org/prop/direct/P569,1390-01-01T00:00:00Z,1390-01-01T00:00:00Z
http://www.wikidata.org/entity/Q75894453,Sir Richard de Wellesley,p38691.htm#i386908,1390-01-01T00:00:00Z,,,http://www.wikidata.org/prop/direct/P735,http://www.wikidata.org/prop/direct/P735,http://www.wikidata.org/entity/Q1249148,Richard
http://www.wikidata.org/entity/Q75894454,Joan de Castle Martin,p38691.htm#i386909,1390-01-01T00:00:00Z,,,http://www.wikidata.org/prop/direct/P21,http://www.wikidata.org/prop/direct/P21,http://www.wikidata.org/entity/Q6581072,female
http://www.wikidata.org/entity/Q75894454,Joan de Castle Martin,p38691.htm#i386909,1390-01-01T00:00:00Z,,,http://www.wikidata.org/prop/direct/P22,http://www.wikidata.org/prop/direct/P22,http://www.wikidata.org/entity/Q75894540,Sir Nicholas de Castle Martin
http://www.wikidata.org/entity/Q75894454,Joan de Castle Martin,p38691.htm#i386909,1390-01-01T00:00:00Z,,,http://www.wikidata.org/prop/direct/P26,http://www.wikidata.org/prop/direct/P26,http://www.wikidata.org/entity/Q75883194,Richard FitzGerald
http://www.wikidata.org/entity/Q75894454,Joan de Castle Martin,p38691.htm#i386909,1390-01-01T00:00:00Z,,,http://www.wikidata.org/prop/direct/P26,http://www.wikidata.org/prop/direct/P26,http://www.wikidata.org/entity/Q75894453,Sir Richard de Wellesley
http://www.wikidata.org/entity/Q75894454,Joan de Castle Martin,p38691.htm#i386909,1390-01-01T00:00:00Z,,,http://www.wikidata.org/prop/direct/P31,http://www.wikidata.org/prop/direct/P31,http://www.wikidata.org/entity/Q5,human
http://www.wikidata.org/entity/Q75894454,Joan de Castle Martin,p38691.htm#i386909,1390-01-01T00:00:00Z,,,http://www.wikidata.org/prop/direct/P40,http://www.wikidata.org/prop/direct/P40,http://www.wikidata.org/entity/Q75894422,Christopher Wellesley
http://www.wikidata.org/entity/Q75894454,Joan de Castle Martin,p38691.htm#i386909,1390-01-01T00:00:00Z,,,http://www.wikidata.org/prop/direct/P40,http://www.wikidata.org/prop/direct/P40,http://www.wikidata.org/entity/Q75904172,Anne FitzGerald
http://www.wikidata.org/entity/Q75894454,Joan de Castle Martin,p38691.htm#i386909,1390-01-01T00:00:00Z,,,http://www.wikidata.org/prop/direct/P1819,http://www.wikidata.org/prop/direct/P1819,I00112428,I00112428
http://www.wikidata.org/entity/Q75894454,Joan de Castle Martin,p38691.htm#i386909,1390-01-01T00:00:00Z,,,http://www.wikidata.org/prop/direct/P2949,http://www.wikidata.org/prop/direct/P2949,De_Castlemartin-1,De_Castlemartin-1
http://www.wikidata.org/entity/Q75894454,Joan de Castle Martin,p38691.htm#i386909,1390-01-01T00:00:00Z,,,http://www.wikidata.org/prop/direct/P4638,http://www.wikidata.org/prop/direct/P4638,p38691.htm#i386909,p38691.htm#i386909
http://www.wikidata.org/entity/Q75894454,Joan de Castle Martin,p38691.htm#i386909,1390-01-01T00:00:00Z,,,http://www.wikidata.org/prop/direct/P569,http://www.wikidata.org/prop/direct/P569,1390-01-01T00:00:00Z,1390-01-01T00:00:00Z
http://www.wikidata.org/entity/Q75894454,Joan de Castle Martin,p38691.htm#i386909,1390-01-01T00:00:00Z,,,http://www.wikidata.org/prop/direct/P735,http://www.wikidata.org/prop/direct/P735,http://www.wikidata.org/entity/Q1484457,Joan
http://www.wikidata.org/entity/Q75894540,Sir Nicholas de Castle Martin,p38699.htm#i386983,1360-01-01T00:00:00Z,,,http://www.wikidata.org/prop/direct/P21,http://www.wikidata.org/prop/direct/P21,http://www.wikidata.org/entity/Q6581097,male
http://www.wikidata.org/entity/Q75894540,Sir Nicholas de Castle Martin,p38699.htm#i386983,1360-01-01T00:00:00Z,,,http://www.wikidata.org/prop/direct/P31,http://www.wikidata.org/prop/direct/P31,http://www.wikidata.org/entity/Q5,human
http://www.wikidata.org/entity/Q75894540,Sir Nicholas de Castle Martin,p38699.htm#i386983,1360-01-01T00:00:00Z,,,http://www.wikidata.org/prop/direct/P40,http://www.wikidata.org/prop/direct/P40,http://www.wikidata.org/entity/Q75894454,Joan de Castle Martin
http://www.wikidata.org/entity/Q75894540,Sir Nicholas de Castle Martin,p38699.htm#i386983,1360-01-01T00:00:00Z,,,http://www.wikidata.org/prop/direct/P1819,http://www.wikidata.org/prop/direct/P1819,I00112429,I00112429
http://www.wikidata.org/entity/Q75894540,Sir Nicholas de Castle Martin,p38699.htm#i386983,1360-01-01T00:00:00Z,,,http://www.wikidata.org/prop/direct/P2949,http://www.wikidata.org/prop/direct/P2949,De_Castlemartin-2,De_Castlemartin-2
http://www.wikidata.org/entity/Q75894540,Sir Nicholas de Castle Martin,p38699.htm#i386983,1360-01-01T00:00:00Z,,,http://www.wikidata.org/prop/direct/P4638,http://www.wikidata.org/prop/direct/P4638,p38699.htm#i386983,p38699.htm#i386983
http://www.wikidata.org/entity/Q75894540,Sir Nicholas de Castle Martin,p38699.htm#i386983,1360-01-01T00:00:00Z,,,http://www.wikidata.org/prop/direct/P511,http://www.wikidata.org/prop/direct/P511,http://www.wikidata.org/entity/Q209690,Sir
http://www.wikidata.org/entity/Q75894540,Sir Nicholas de Castle Martin,p38699.htm#i386983,1360-01-01T00:00:00Z,,,http://www.wikidata.org/prop/direct/P569,http://www.wikidata.org/prop/direct/P569,1360-01-01T00:00:00Z,1360-01-01T00:00:00Z
http://www.wikidata.org/entity/Q75896,"Engelbert I, Count of the Mark",p58968.htm#i589678,1225-01-01T00:00:00Z,1277-11-23T00:00:00Z,,http://www.wikidata.org/prop/direct/P106,http://www.wikidata.org/prop/direct/P106,http://www.wikidata.org/entity/Q2478141,aristocrat
http://www.wikidata.org/entity/Q75896,"Engelbert I, Count of the Mark",p58968.htm#i589678,1225-01-01T00:00:00Z,1277-11-23T00:00:00Z,,http://www.wikidata.org/prop/direct/P18,http://www.wikidata.org/prop/direct/P18,http://commons.wikimedia.org/wiki/Special:FilePath/L%C3%BCdenscheid%20Brunnenrelief.JPG,http://commons.wikimedia.org/wiki/Special:FilePath/L%C3%BCdenscheid%20Brunnenrelief.JPG
http://www.wikidata.org/entity/Q75896,"Engelbert I, Count of the Mark",p58968.htm#i589678,1225-01-01T00:00:00Z,1277-11-23T00:00:00Z,,http://www.wikidata.org/prop/direct/P20,http://www.wikidata.org/prop/direct/P20,http://www.wikidata.org/entity/Q1011187,Castle of Bredevoort
http://www.wikidata.org/entity/Q75896,"Engelbert I, Count of the Mark",p58968.htm#i589678,1225-01-01T00:00:00Z,1277-11-23T00:00:00Z,,http://www.wikidata.org/prop/direct/P21,http://www.wikidata.org/prop/direct/P21,http://www.wikidata.org/entity/Q6581097,male
http://www.wikidata.org/entity/Q75896,"Engelbert I, Count of the Mark",p58968.htm#i589678,1225-01-01T00:00:00Z,1277-11-23T00:00:00Z,,http://www.wikidata.org/prop/direct/P214,http://www.wikidata.org/prop/direct/P214,81563585,81563585
http://www.wikidata.org/entity/Q75896,"Engelbert I, Count of the Mark",p58968.htm#i589678,1225-01-01T00:00:00Z,1277-11-23T00:00:00Z,,http://www.wikidata.org/prop/direct/P22,http://www.wikidata.org/prop/direct/P22,http://www.wikidata.org/entity/Q95646,"Adolphus I, Count of the Mark"
http://www.wikidata.org/entity/Q75896,"Engelbert I, Count of the Mark",p58968.htm#i589678,1225-01-01T00:00:00Z,1277-11-23T00:00:00Z,,http://www.wikidata.org/prop/direct/P227,http://www.wikidata.org/prop/direct/P227,137362595,137362595
http://www.wikidata.org/entity/Q75896,"Engelbert I, Count of the Mark",p58968.htm#i589678,1225-01-01T00:00:00Z,1277-11-23T00:00:00Z,,http://www.wikidata.org/prop/direct/P25,http://www.wikidata.org/prop/direct/P25,http://www.wikidata.org/entity/Q23861949,Irmgard of Guelders
http://www.wikidata.org/entity/Q75896,"Engelbert I, Count of the Mark",p58968.htm#i589678,1225-01-01T00:00:00Z,1277-11-23T00:00:00Z,,http://www.wikidata.org/prop/direct/P26,http://www.wikidata.org/prop/direct/P26,http://www.wikidata.org/entity/Q55443425,Kunigunde of Blieskastel
http://www.wikidata.org/entity/Q75896,"Engelbert I, Count of the Mark",p58968.htm#i589678,1225-01-01T00:00:00Z,1277-11-23T00:00:00Z,,http://www.wikidata.org/prop/direct/P26,http://www.wikidata.org/prop/direct/P26,http://www.wikidata.org/entity/Q76185899,Isabelle Elisabeth von Kleve-Valkenburg
http://www.wikidata.org/entity/Q75896,"Engelbert I, Count of the Mark",p58968.htm#i589678,1225-01-01T00:00:00Z,1277-11-23T00:00:00Z,,http://www.wikidata.org/prop/direct/P27,http://www.wikidata.org/prop/direct/P27,http://www.wikidata.org/entity/Q183,Germany
http://www.wikidata.org/entity/Q75896,"Engelbert I, Count of the Mark",p58968.htm#i589678,1225-01-01T00:00:00Z,1277-11-23T00:00:00Z,,http://www.wikidata.org/prop/direct/P31,http://www.wikidata.org/prop/direct/P31,http://www.wikidata.org/entity/Q5,human
http://www.wikidata.org/entity/Q75896,"Engelbert I, Count of the Mark",p58968.htm#i589678,1225-01-01T00:00:00Z,1277-11-23T00:00:00Z,,http://www.wikidata.org/prop/direct/P39,http://www.wikidata.org/prop/direct/P39,http://www.wikidata.org/entity/Q4010330,bishop-elect
http://www.wikidata.org/entity/Q75896,"Engelbert I, Count of the Mark",p58968.htm#i589678,1225-01-01T00:00:00Z,1277-11-23T00:00:00Z,,http://www.wikidata.org/prop/direct/P40,http://www.wikidata.org/prop/direct/P40,http://www.wikidata.org/entity/Q54812244,Agnes of the Mark
http://www.wikidata.org/entity/Q75896,"Engelbert I, Count of the Mark",p58968.htm#i589678,1225-01-01T00:00:00Z,1277-11-23T00:00:00Z,,http://www.wikidata.org/prop/direct/P40,http://www.wikidata.org/prop/direct/P40,http://www.wikidata.org/entity/Q54829791,Adelheid von der Mark
http://www.wikidata.org/entity/Q75896,"Engelbert I, Count of the Mark",p58968.htm#i589678,1225-01-01T00:00:00Z,1277-11-23T00:00:00Z,,http://www.wikidata.org/prop/direct/P40,http://www.wikidata.org/prop/direct/P40,http://www.wikidata.org/entity/Q54964202,Sophia von der Mark
http://www.wikidata.org/entity/Q75896,"Engelbert I, Count of the Mark",p58968.htm#i589678,1225-01-01T00:00:00Z,1277-11-23T00:00:00Z,,http://www.wikidata.org/prop/direct/P40,http://www.wikidata.org/prop/direct/P40,http://www.wikidata.org/entity/Q54964210,Richardis von der Mark
http://www.wikidata.org/entity/Q75896,"Engelbert I, Count of the Mark",p58968.htm#i589678,1225-01-01T00:00:00Z,1277-11-23T00:00:00Z,,http://www.wikidata.org/prop/direct/P40,http://www.wikidata.org/prop/direct/P40,http://www.wikidata.org/entity/Q75728,"Eberhard I, Count of the Mark"
http://www.wikidata.org/entity/Q75896,"Engelbert I, Count of the Mark",p58968.htm#i589678,1225-01-01T00:00:00Z,1277-11-23T00:00:00Z,,http://www.wikidata.org/prop/direct/P40,http://www.wikidata.org/prop/direct/P40,http://www.wikidata.org/entity/Q76185900,Mechtilde von der Mark
http://www.wikidata.org/entity/Q75896,"Engelbert I, Count of the Mark",p58968.htm#i589678,1225-01-01T00:00:00Z,1277-11-23T00:00:00Z,,http://www.wikidata.org/prop/direct/P40,http://www.wikidata.org/prop/direct/P40,http://www.wikidata.org/entity/Q76185905,Gerhard von der Mark
http://www.wikidata.org/entity/Q75896,"Engelbert I, Count of the Mark",p58968.htm#i589678,1225-01-01T00:00:00Z,1277-11-23T00:00:00Z,,http://www.wikidata.org/prop/direct/P53,http://www.wikidata.org/prop/direct/P53,http://www.wikidata.org/entity/Q567658,House Mark
http://www.wikidata.org/entity/Q75896,"Engelbert I, Count of the Mark",p58968.htm#i589678,1225-01-01T00:00:00Z,1277-11-23T00:00:00Z,,http://www.wikidata.org/prop/direct/P94,http://www.wikidata.org/prop/direct/P94,http://commons.wikimedia.org/wiki/Special:FilePath/Armoiries%20de%20la%20Marck%201.svg,http://commons.wikimedia.org/wiki/Special:FilePath/Armoiries%20de%20la%20Marck%201.svg
http://www.wikidata.org/entity/Q75896,"Engelbert I, Count of the Mark",p58968.htm#i589678,1225-01-01T00:00:00Z,1277-11-23T00:00:00Z,,http://www.wikidata.org/prop/direct/P97,http://www.wikidata.org/prop/direct/P97,http://www.wikidata.org/entity/Q3519259,count
http://www.wikidata.org/entity/Q75896,"Engelbert I, Count of the Mark",p58968.htm#i589678,1225-01-01T00:00:00Z,1277-11-23T00:00:00Z,,http://www.wikidata.org/prop/direct/P11835,http://www.wikidata.org/prop/direct/P11835,8742,8742
http://www.wikidata.org/entity/Q75896,"Engelbert I, Count of the Mark",p58968.htm#i589678,1225-01-01T00:00:00Z,1277-11-23T00:00:00Z,,http://www.wikidata.org/prop/direct/P1185,http://www.wikidata.org/prop/direct/P1185,10182,10182
http://www.wikidata.org/entity/Q75896,"Engelbert I, Count of the Mark",p58968.htm#i589678,1225-01-01T00:00:00Z,1277-11-23T00:00:00Z,,http://www.wikidata.org/prop/direct/P1343,http://www.wikidata.org/prop/direct/P1343,http://www.wikidata.org/entity/Q590208,Allgemeine Deutsche Biographie
http://www.wikidata.org/entity/Q75896,"Engelbert I, Count of the Mark",p58968.htm#i589678,1225-01-01T00:00:00Z,1277-11-23T00:00:00Z,,http://www.wikidata.org/prop/direct/P1412,http://www.wikidata.org/prop/direct/P1412,http://www.wikidata.org/entity/Q188,German
http://www.wikidata.org/entity/Q75896,"Engelbert I, Count of the Mark",p58968.htm#i589678,1225-01-01T00:00:00Z,1277-11-23T00:00:00Z,,http://www.wikidata.org/prop/direct/P1819,http://www.wikidata.org/prop/direct/P1819,I00021743,I00021743
http://www.wikidata.org/entity/Q75896,"Engelbert I, Count of the Mark",p58968.htm#i589678,1225-01-01T00:00:00Z,1277-11-23T00:00:00Z,,http://www.wikidata.org/prop/direct/P1871,http://www.wikidata.org/prop/direct/P1871,cnp01166368,cnp01166368
http://www.wikidata.org/entity/Q75896,"Engelbert I, Count of the Mark",p58968.htm#i589678,1225-01-01T00:00:00Z,1277-11-23T00:00:00Z,,http://www.wikidata.org/prop/direct/P2949,http://www.wikidata.org/prop/direct/P2949,Mark-527,Mark-527
http://www.wikidata.org/entity/Q75896,"Engelbert I, Count of the Mark",p58968.htm#i589678,1225-01-01T00:00:00Z,1277-11-23T00:00:00Z,,http://www.wikidata.org/prop/direct/P3373,http://www.wikidata.org/prop/direct/P3373,http://www.wikidata.org/entity/Q75247119,Mechtilde von der Mark
http://www.wikidata.org/entity/Q75896,"Engelbert I, Count of the Mark",p58968.htm#i589678,1225-01-01T00:00:00Z,1277-11-23T00:00:00Z,,http://www.wikidata.org/prop/direct/P3373,http://www.wikidata.org/prop/direct/P3373,http://www.wikidata.org/entity/Q76165626,Richarde von der Mark
http://www.wikidata.org/entity/Q75896,"Engelbert I, Count of the Mark",p58968.htm#i589678,1225-01-01T00:00:00Z,1277-11-23T00:00:00Z,,http://www.wikidata.org/prop/direct/P3373,http://www.wikidata.org/prop/direct/P3373,http://www.wikidata.org/entity/Q76185869,Adelheid von der Mark
http://www.wikidata.org/entity/Q75896,"Engelbert I, Count of the Mark",p58968.htm#i589678,1225-01-01T00:00:00Z,1277-11-23T00:00:00Z,,http://www.wikidata.org/prop/direct/P3373,http://www.wikidata.org/prop/direct/P3373,http://www.wikidata.org/entity/Q884527,Gerard von der Mark
http://www.wikidata.org/entity/Q75896,"Engelbert I, Count of the Mark",p58968.htm#i589678,1225-01-01T00:00:00Z,1277-11-23T00:00:00Z,,http://www.wikidata.org/prop/direct/P3373,http://www.wikidata.org/prop/direct/P3373,http://www.wikidata.org/entity/Q99206,Otto van der Mark
http://www.wikidata.org/entity/Q75896,"Engelbert I, Count of the Mark",p58968.htm#i589678,1225-01-01T00:00:00Z,1277-11-23T00:00:00Z,,http://www.wikidata.org/prop/direct/P4159,http://www.wikidata.org/prop/direct/P4159,"Engelbert_I,_Count_of_the_Mark_(1)","Engelbert_I,_Count_of_the_Mark_(1)"
http://www.wikidata.org/entity/Q75896,"Engelbert I, Count of the Mark",p58968.htm#i589678,1225-01-01T00:00:00Z,1277-11-23T00:00:00Z,,http://www.wikidata.org/prop/direct/P4638,http://www.wikidata.org/prop/direct/P4638,p58968.htm#i589678,p58968.htm#i589678
http://www.wikidata.org/entity/Q75896,"Engelbert I, Count of the Mark",p58968.htm#i589678,1225-01-01T00:00:00Z,1277-11-23T00:00:00Z,,http://www.wikidata.org/prop/direct/P569,http://www.wikidata.org/prop/direct/P569,1225-01-01T00:00:00Z,1225-01-01T00:00:00Z
http://www.wikidata.org/entity/Q75896,"Engelbert I, Count of the Mark",p58968.htm#i589678,1225-01-01T00:00:00Z,1277-11-23T00:00:00Z,,http://www.wikidata.org/prop/direct/P570,http://www.wikidata.org/prop/direct/P570,1277-11-23T00:00:00Z,1277-11-23T00:00:00Z
http://www.wikidata.org/entity/Q75896,"Engelbert I, Count of the Mark",p58968.htm#i589678,1225-01-01T00:00:00Z,1277-11-23T00:00:00Z,,http://www.wikidata.org/prop/direct/P646,http://www.wikidata.org/prop/direct/P646,/m/0n535ng,/m/0n535ng
http://www.wikidata.org/entity/Q75896,"Engelbert I, Count of the Mark",p58968.htm#i589678,1225-01-01T00:00:00Z,1277-11-23T00:00:00Z,,http://www.wikidata.org/prop/direct/P735,http://www.wikidata.org/prop/direct/P735,http://www.wikidata.org/entity/Q18252114,Engelbert
http://www.wikidata.org/entity/Q75896,"Engelbert I, Count of the Mark",p58968.htm#i589678,1225-01-01T00:00:00Z,1277-11-23T00:00:00Z,,http://www.wikidata.org/prop/direct/P7902,http://www.wikidata.org/prop/direct/P7902,137362595,137362595
http://www.wikidata.org/entity/Q75896,"Engelbert I, Count of the Mark",p58968.htm#i589678,1225-01-01T00:00:00Z,1277-11-23T00:00:00Z,,http://www.wikidata.org/prop/direct/P7929,http://www.wikidata.org/prop/direct/P7929,p=engilbert;n=de la mark;oc=1,p=engilbert;n=de la mark;oc=1
http://www.wikidata.org/entity/Q75896,"Engelbert I, Count of the Mark",p58968.htm#i589678,1225-01-01T00:00:00Z,1277-11-23T00:00:00Z,,http://www.wikidata.org/prop/direct/P8168,http://www.wikidata.org/prop/direct/P8168,Q655399,Q655399
http://www.wikidata.org/entity/Q75896,"Engelbert I, Count of the Mark",p58968.htm#i589678,1225-01-01T00:00:00Z,1277-11-23T00:00:00Z,,http://www.wikidata.org/prop/direct/P8440,http://www.wikidata.org/prop/direct/P8440,050-01803-001,050-01803-001
http://www.wikidata.org/entity/Q75896,"Engelbert I, Count of the Mark",p58968.htm#i589678,1225-01-01T00:00:00Z,1277-11-23T00:00:00Z,,http://www.wikidata.org/prop/direct/P9441,http://www.wikidata.org/prop/direct/P9441,WIAG-Pers-EPISCGatz-03254-001,WIAG-Pers-EPISCGatz-03254-001
http://www.wikidata.org/entity/Q75896094,Isabelle de Ghistelles,p38813.htm#i388123,1360-01-01T00:00:00Z,,,http://www.wikidata.org/prop/direct/P21,http://www.wikidata.org/prop/direct/P21,http://www.wikidata.org/entity/Q6581072,female
http://www.wikidata.org/entity/Q75896094,Isabelle de Ghistelles,p38813.htm#i388123,1360-01-01T00:00:00Z,,,http://www.wikidata.org/prop/direct/P22,http://www.wikidata.org/prop/direct/P22,http://www.wikidata.org/entity/Q75889756,"Roger de Ghistelles, Seigneur de Dudzeele et de Straten"
http://www.wikidata.org/entity/Q75896094,Isabelle de Ghistelles,p38813.htm#i388123,1360-01-01T00:00:00Z,,,http://www.wikidata.org/prop/direct/P25,http://www.wikidata.org/prop/direct/P25,http://www.wikidata.org/entity/Q75892553,Marguerite de Dudzeele
http://www.wikidata.org/entity/Q75896094,Isabelle de Ghistelles,p38813.htm#i388123,1360-01-01T00:00:00Z,,,http://www.wikidata.org/prop/direct/P26,http://www.wikidata.org/prop/direct/P26,http://www.wikidata.org/entity/Q75896095,"Arnould VI de Grave, Baron d'Escornaix"
http://www.wikidata.org/entity/Q75896094,Isabelle de Ghistelles,p38813.htm#i388123,1360-01-01T00:00:00Z,,,http://www.wikidata.org/prop/direct/P31,http://www.wikidata.org/prop/direct/P31,http://www.wikidata.org/entity/Q5,human
http://www.wikidata.org/entity/Q75896094,Isabelle de Ghistelles,p38813.htm#i388123,1360-01-01T00:00:00Z,,,http://www.wikidata.org/prop/direct/P40,http://www.wikidata.org/prop/direct/P40,http://www.wikidata.org/entity/Q108432377,"Arnold VII de Gavre, Sire de Chorisse"
http://www.wikidata.org/entity/Q75896094,Isabelle de Ghistelles,p38813.htm#i388123,1360-01-01T00:00:00Z,,,http://www.wikidata.org/prop/direct/P40,http://www.wikidata.org/prop/direct/P40,http://www.wikidata.org/entity/Q75896097,Catherine de Grave d'Escornaix
http://www.wikidata.org/entity/Q75896094,Isabelle de Ghistelles,p38813.htm#i388123,1360-01-01T00:00:00Z,,,http://www.wikidata.org/prop/direct/P1819,http://www.wikidata.org/prop/direct/P1819,I00124176,I00124176
http://www.wikidata.org/entity/Q75896094,Isabelle de Ghistelles,p38813.htm#i388123,1360-01-01T00:00:00Z,,,http://www.wikidata.org/prop/direct/P2600,http://www.wikidata.org/prop/direct/P2600,6000000185361653909,6000000185361653909
http://www.wikidata.org/entity/Q75896094,Isabelle de Ghistelles,p38813.htm#i388123,1360-01-01T00:00:00Z,,,http://www.wikidata.org/prop/direct/P2949,http://www.wikidata.org/prop/direct/P2949,Ghistelles-6,Ghistelles-6
http://www.wikidata.org/entity/Q75896094,Isabelle de Ghistelles,p38813.htm#i388123,1360-01-01T00:00:00Z,,,http://www.wikidata.org/prop/direct/P4638,http://www.wikidata.org/prop/direct/P4638,p38813.htm#i388123,p38813.htm#i388123
http://www.wikidata.org/entity/Q75896094,Isabelle de Ghistelles,p38813.htm#i388123,1360-01-01T00:00:00Z,,,http://www.wikidata.org/prop/direct/P569,http://www.wikidata.org/prop/direct/P569,1360-01-01T00:00:00Z,1360-01-01T00:00:00Z
http://www.wikidata.org/entity/Q75896094,Isabelle de Ghistelles,p38813.htm#i388123,1360-01-01T00:00:00Z,,,http://www.wikidata.org/prop/direct/P734,http://www.wikidata.org/prop/direct/P734,http://www.wikidata.org/entity/Q107396202,de Ghistelles
http://www.wikidata.org/entity/Q75896094,Isabelle de Ghistelles,p38813.htm#i388123,1360-01-01T00:00:00Z,,,http://www.wikidata.org/prop/direct/P735,http://www.wikidata.org/prop/direct/P735,http://www.wikidata.org/entity/Q6078151,Isabelle
http://www.wikidata.org/entity/Q75896094,Isabelle de Ghistelles,p38813.htm#i388123,1360-01-01T00:00:00Z,,,http://www.wikidata.org/prop/direct/P7929,http://www.wikidata.org/prop/direct/P7929,p=isabelle;n=de+ghistelles;,p=isabelle;n=de+ghistelles;
http://www.wikidata.org/entity/Q75896095,"Arnould VI de Grave, Baron d'Escornaix",p38813.htm#i388124,1360-01-01T00:00:00Z,,,http://www.wikidata.org/prop/direct/P21,http://www.wikidata.org/prop/direct/P21,http://www.wikidata.org/entity/Q6581097,male
http://www.wikidata.org/entity/Q75896095,"Arnould VI de Grave, Baron d'Escornaix",p38813.htm#i388124,1360-01-01T00:00:00Z,,,http://www.wikidata.org/prop/direct/P22,http://www.wikidata.org/prop/direct/P22,http://www.wikidata.org/entity/Q101499851,"Arnold V de Gavre, Seigneur de Schorisse"
http://www.wikidata.org/entity/Q75896095,"Arnould VI de Grave, Baron d'Escornaix",p38813.htm#i388124,1360-01-01T00:00:00Z,,,http://www.wikidata.org/prop/direct/P25,http://www.wikidata.org/prop/direct/P25,http://www.wikidata.org/entity/Q101499852,Jeanne de Roye
http://www.wikidata.org/entity/Q75896095,"Arnould VI de Grave, Baron d'Escornaix",p38813.htm#i388124,1360-01-01T00:00:00Z,,,http://www.wikidata.org/prop/direct/P26,http://www.wikidata.org/prop/direct/P26,http://www.wikidata.org/entity/Q75896094,Isabelle de Ghistelles
http://www.wikidata.org/entity/Q75896095,"Arnould VI de Grave, Baron d'Escornaix",p38813.htm#i388124,1360-01-01T00:00:00Z,,,http://www.wikidata.org/prop/direct/P31,http://www.wikidata.org/prop/direct/P31,http://www.wikidata.org/entity/Q5,human
http://www.wikidata.org/entity/Q75896095,"Arnould VI de Grave, Baron d'Escornaix",p38813.htm#i388124,1360-01-01T00:00:00Z,,,http://www.wikidata.org/prop/direct/P40,http://www.wikidata.org/prop/direct/P40,http://www.wikidata.org/entity/Q108432377,"Arnold VII de Gavre, Sire de Chorisse"
http://www.wikidata.org/entity/Q75896095,"Arnould VI de Grave, Baron d'Escornaix",p38813.htm#i388124,1360-01-01T00:00:00Z,,,http://www.wikidata.org/prop/direct/P40,http://www.wikidata.org/prop/direct/P40,http://www.wikidata.org/entity/Q75896097,Catherine de Grave d'Escornaix
http://www.wikidata.org/entity/Q75896095,"Arnould VI de Grave, Baron d'Escornaix",p38813.htm#i388124,1360-01-01T00:00:00Z,,,http://www.wikidata.org/prop/direct/P1819,http://www.wikidata.org/prop/direct/P1819,I00124175,I00124175
http://www.wikidata.org/entity/Q75896095,"Arnould VI de Grave, Baron d'Escornaix",p38813.htm#i388124,1360-01-01T00:00:00Z,,,http://www.wikidata.org/prop/direct/P2949,http://www.wikidata.org/prop/direct/P2949,Gavre-3,Gavre-3
http://www.wikidata.org/entity/Q75896095,"Arnould VI de Grave, Baron d'Escornaix",p38813.htm#i388124,1360-01-01T00:00:00Z,,,http://www.wikidata.org/prop/direct/P4638,http://www.wikidata.org/prop/direct/P4638,p38813.htm#i388124,p38813.htm#i388124
http://www.wikidata.org/entity/Q75896095,"Arnould VI de Grave, Baron d'Escornaix",p38813.htm#i388124,1360-01-01T00:00:00Z,,,http://www.wikidata.org/prop/direct/P569,http://www.wikidata.org/prop/direct/P569,1360-01-01T00:00:00Z,1360-01-01T00:00:00Z
http://www.wikidata.org/entity/Q75896095,"Arnould VI de Grave, Baron d'Escornaix",p38813.htm#i388124,1360-01-01T00:00:00Z,,,http://www.wikidata.org/prop/direct/P7929,http://www.wikidata.org/prop/direct/P7929,p=arnould;n=de+gavre;,p=arnould;n=de+gavre;
http://www.wikidata.org/entity/Q75896103,"Guy II le Bouteiller, Seigneur de la Bouteillerie et de Roche Guyon",p38813.htm#i388129,1430-01-01T00:00:00Z,,,http://www.wikidata.org/prop/direct/P21,http://www.wikidata.org/prop/direct/P21,http://www.wikidata.org/entity/Q6581097,male
http://www.wikidata.org/entity/Q75896103,"Guy II le Bouteiller, Seigneur de la Bouteillerie et de Roche Guyon",p38813.htm#i388129,1430-01-01T00:00:00Z,,,http://www.wikidata.org/prop/direct/P22,http://www.wikidata.org/prop/direct/P22,http://www.wikidata.org/entity/Q20015351,Guy Le Bouteiller
http://www.wikidata.org/entity/Q75896103,"Guy II le Bouteiller, Seigneur de la Bouteillerie et de Roche Guyon",p38813.htm#i388129,1430-01-01T00:00:00Z,,,http://www.wikidata.org/prop/direct/P25,http://www.wikidata.org/prop/direct/P25,http://www.wikidata.org/entity/Q75896097,Catherine de Grave d'Escornaix
http://www.wikidata.org/entity/Q75896103,"Guy II le Bouteiller, Seigneur de la Bouteillerie et de Roche Guyon",p38813.htm#i388129,1430-01-01T00:00:00Z,,,http://www.wikidata.org/prop/direct/P26,http://www.wikidata.org/prop/direct/P26,http://www.wikidata.org/entity/Q75896104,Isabeau Morhier
http://www.wikidata.org/entity/Q75896103,"Guy II le Bouteiller, Seigneur de la Bouteillerie et de Roche Guyon",p38813.htm#i388129,1430-01-01T00:00:00Z,,,http://www.wikidata.org/prop/direct/P31,http://www.wikidata.org/prop/direct/P31,http://www.wikidata.org/entity/Q5,human
http://www.wikidata.org/entity/Q75896103,"Guy II le Bouteiller, Seigneur de la Bouteillerie et de Roche Guyon",p38813.htm#i388129,1430-01-01T00:00:00Z,,,http://www.wikidata.org/prop/direct/P40,http://www.wikidata.org/prop/direct/P40,http://www.wikidata.org/entity/Q75896105,"Jean le Bouteiller, Seigneur de la Bouteillerie, de Roquemont, de Vaux-sur-Orge et de la Boissiere"
http://www.wikidata.org/entity/Q75896103,"Guy II le Bouteiller, Seigneur de la Bouteillerie et de Roche Guyon",p38813.htm#i388129,1430-01-01T00:00:00Z,,,http://www.wikidata.org/prop/direct/P1819,http://www.wikidata.org/prop/direct/P1819,I00369593,I00369593
http://www.wikidata.org/entity/Q75896103,"Guy II le Bouteiller, Seigneur de la Bouteillerie et de Roche Guyon",p38813.htm#i388129,1430-01-01T00:00:00Z,,,http://www.wikidata.org/prop/direct/P2949,http://www.wikidata.org/prop/direct/P2949,Le_Bouteillier-3,Le_Bouteillier-3
http://www.wikidata.org/entity/Q75896103,"Guy II le Bouteiller, Seigneur de la Bouteillerie et de Roche Guyon",p38813.htm#i388129,1430-01-01T00:00:00Z,,,http://www.wikidata.org/prop/direct/P4638,http://www.wikidata.org/prop/direct/P4638,p38813.htm#i388129,p38813.htm#i388129
http://www.wikidata.org/entity/Q75896103,"Guy II le Bouteiller, Seigneur de la Bouteillerie et de Roche Guyon",p38813.htm#i388129,1430-01-01T00:00:00Z,,,http://www.wikidata.org/prop/direct/P569,http://www.wikidata.org/prop/direct/P569,1430-01-01T00:00:00Z,1430-01-01T00:00:00Z
http://www.wikidata.org/entity/Q75896103,"Guy II le Bouteiller, Seigneur de la Bouteillerie et de Roche Guyon",p38813.htm#i388129,1430-01-01T00:00:00Z,,,http://www.wikidata.org/prop/direct/P735,http://www.wikidata.org/prop/direct/P735,http://www.wikidata.org/entity/Q1159023,Guy
http://www.wikidata.org/entity/Q75896103,"Guy II le Bouteiller, Seigneur de la Bouteillerie et de Roche Guyon",p38813.htm#i388129,1430-01-01T00:00:00Z,,,http://www.wikidata.org/prop/direct/P9454,http://www.wikidata.org/prop/direct/P9454,Le_Bouteillier-3,Le_Bouteillier-3
http://www.wikidata.org/entity/Q75896104,Isabeau Morhier,p38813.htm#i388130,1430-01-01T00:00:00Z,,,http://www.wikidata.org/prop/direct/P21,http://www.wikidata.org/prop/direct/P21,http://www.wikidata.org/entity/Q6581072,female
http://www.wikidata.org/entity/Q75896104,Isabeau Morhier,p38813.htm#i388130,1430-01-01T00:00:00Z,,,http://www.wikidata.org/prop/direct/P22,http://www.wikidata.org/prop/direct/P22,http://www.wikidata.org/entity/Q3484389,Simon Morhier
http://www.wikidata.org/entity/Q75896104,Isabeau Morhier,p38813.htm#i388130,1430-01-01T00:00:00Z,,,http://www.wikidata.org/prop/direct/P25,http://www.wikidata.org/prop/direct/P25,http://www.wikidata.org/entity/Q101499858,Jeanne de Lagny
http://www.wikidata.org/entity/Q75896104,Isabeau Morhier,p38813.htm#i388130,1430-01-01T00:00:00Z,,,http://www.wikidata.org/prop/direct/P26,http://www.wikidata.org/prop/direct/P26,http://www.wikidata.org/entity/Q75896103,"Guy II le Bouteiller, Seigneur de la Bouteillerie et de Roche Guyon"
http://www.wikidata.org/entity/Q75896104,Isabeau Morhier,p38813.htm#i388130,1430-01-01T00:00:00Z,,,http://www.wikidata.org/prop/direct/P31,http://www.wikidata.org/prop/direct/P31,http://www.wikidata.org/entity/Q5,human
http://www.wikidata.org/entity/Q75896104,Isabeau Morhier,p38813.htm#i388130,1430-01-01T00:00:00Z,,,http://www.wikidata.org/prop/direct/P40,http://www.wikidata.org/prop/direct/P40,http://www.wikidata.org/entity/Q75896105,"Jean le Bouteiller, Seigneur de la Bouteillerie, de Roquemont, de Vaux-sur-Orge et de la Boissiere"
http://www.wikidata.org/entity/Q75896104,Isabeau Morhier,p38813.htm#i388130,1430-01-01T00:00:00Z,,,http://www.wikidata.org/prop/direct/P1819,http://www.wikidata.org/prop/direct/P1819,I00369594,I00369594
http://www.wikidata.org/entity/Q75896104,Isabeau Morhier,p38813.htm#i388130,1430-01-01T00:00:00Z,,,http://www.wikidata.org/prop/direct/P2949,http://www.wikidata.org/prop/direct/P2949,Morhier-1,Morhier-1
http://www.wikidata.org/entity/Q75896104,Isabeau Morhier,p38813.htm#i388130,1430-01-01T00:00:00Z,,,http://www.wikidata.org/prop/direct/P4638,http://www.wikidata.org/prop/direct/P4638,p38813.htm#i388130,p38813.htm#i388130
http://www.wikidata.org/entity/Q75896104,Isabeau Morhier,p38813.htm#i388130,1430-01-01T00:00:00Z,,,http://www.wikidata.org/prop/direct/P569,http://www.wikidata.org/prop/direct/P569,1430-01-01T00:00:00Z,1430-01-01T00:00:00Z
http://www.wikidata.org/entity/Q75896105,"Jean le Bouteiller, Seigneur de la Bouteillerie, de Roquemont, de Vaux-sur-Orge et de la Boissiere",p38814.htm#i388131,1460-01-01T00:00:00Z,1530-01-01T00:00:00Z,,http://www.wikidata.org/prop/direct/P21,http://www.wikidata.org/prop/direct/P21,http://www.wikidata.org/entity/Q6581097,male
http://www.wikidata.org/entity/Q75896105,"Jean le Bouteiller, Seigneur de la Bouteillerie, de Roquemont, de Vaux-sur-Orge et de la Boissiere",p38814.htm#i388131,1460-01-01T00:00:00Z,1530-01-01T00:00:00Z,,http://www.wikidata.org/prop/direct/P22,http://www.wikidata.org/prop/direct/P22,http://www.wikidata.org/entity/Q75896103,"Guy II le Bouteiller, Seigneur de la Bouteillerie et de Roche Guyon"
http://www.wikidata.org/entity/Q75896105,"Jean le Bouteiller, Seigneur de la Bouteillerie, de Roquemont, de Vaux-sur-Orge et de la Boissiere",p38814.htm#i388131,1460-01-01T00:00:00Z,1530-01-01T00:00:00Z,,http://www.wikidata.org/prop/direct/P25,http://www.wikidata.org/prop/direct/P25,http://www.wikidata.org/entity/Q75896104,Isabeau Morhier
http://www.wikidata.org/entity/Q75896105,"Jean le Bouteiller, Seigneur de la Bouteillerie, de Roquemont, de Vaux-sur-Orge et de la Boissiere",p38814.htm#i388131,1460-01-01T00:00:00Z,1530-01-01T00:00:00Z,,http://www.wikidata.org/prop/direct/P26,http://www.wikidata.org/prop/direct/P26,http://www.wikidata.org/entity/Q75896136,Marie de Venois
http://www.wikidata.org/entity/Q75896105,"Jean le Bouteiller, Seigneur de la Bouteillerie, de Roquemont, de Vaux-sur-Orge et de la Boissiere",p38814.htm#i388131,1460-01-01T00:00:00Z,1530-01-01T00:00:00Z,,http://www.wikidata.org/prop/direct/P31,http://www.wikidata.org/prop/direct/P31,http://www.wikidata.org/entity/Q5,human
http://www.wikidata.org/entity/Q75896105,"Jean le Bouteiller, Seigneur de la Bouteillerie, de Roquemont, de Vaux-sur-Orge et de la Boissiere",p38814.htm#i388131,1460-01-01T00:00:00Z,1530-01-01T00:00:00Z,,http://www.wikidata.org/prop/direct/P40,http://www.wikidata.org/prop/direct/P40,http://www.wikidata.org/entity/Q75896141,Benigne le Bouteiller
http://www.wikidata.org/entity/Q75896105,"Jean le Bouteiller, Seigneur de la Bouteillerie, de Roquemont, de Vaux-sur-Orge et de la Boissiere",p38814.htm#i388131,1460-01-01T00:00:00Z,1530-01-01T00:00:00Z,,http://www.wikidata.org/prop/direct/P1819,http://www.wikidata.org/prop/direct/P1819,I00369595,I00369595
http://www.wikidata.org/entity/Q75896105,"Jean le Bouteiller, Seigneur de la Bouteillerie, de Roquemont, de Vaux-sur-Orge et de la Boissiere",p38814.htm#i388131,1460-01-01T00:00:00Z,1530-01-01T00:00:00Z,,http://www.wikidata.org/prop/direct/P2949,http://www.wikidata.org/prop/direct/P2949,Le_Bouteiller-1,Le_Bouteiller-1
http://www.wikidata.org/entity/Q75896105,"Jean le Bouteiller, Seigneur de la Bouteillerie, de Roquemont, de Vaux-sur-Orge et de la Boissiere",p38814.htm#i388131,1460-01-01T00:00:00Z,1530-01-01T00:00:00Z,,http://www.wikidata.org/prop/direct/P4638,http://www.wikidata.org/prop/direct/P4638,p38814.htm#i388131,p38814.htm#i388131
http://www.wikidata.org/entity/Q75896105,"Jean le Bouteiller, Seigneur de la Bouteillerie, de Roquemont, de Vaux-sur-Orge et de la Boissiere",p38814.htm#i388131,1460-01-01T00:00:00Z,1530-01-01T00:00:00Z,,http://www.wikidata.org/prop/direct/P569,http://www.wikidata.org/prop/direct/P569,1460-01-01T00:00:00Z,1460-01-01T00:00:00Z
http://www.wikidata.org/entity/Q75896105,"Jean le Bouteiller, Seigneur de la Bouteillerie, de Roquemont, de Vaux-sur-Orge et de la Boissiere",p38814.htm#i388131,1460-01-01T00:00:00Z,1530-01-01T00:00:00Z,,http://www.wikidata.org/prop/direct/P570,http://www.wikidata.org/prop/direct/P570,1530-01-01T00:00:00Z,1530-01-01T00:00:00Z
http://www.wikidata.org/entity/Q75896105,"Jean le Bouteiller, Seigneur de la Bouteillerie, de Roquemont, de Vaux-sur-Orge et de la Boissiere",p38814.htm#i388131,1460-01-01T00:00:00Z,1530-01-01T00:00:00Z,,http://www.wikidata.org/prop/direct/P735,http://www.wikidata.org/prop/direct/P735,http://www.wikidata.org/entity/Q7521081,Jean
http://www.wikidata.org/entity/Q75896105,"Jean le Bouteiller, Seigneur de la Bouteillerie, de Roquemont, de Vaux-sur-Orge et de la Boissiere",p38814.htm#i388131,1460-01-01T00:00:00Z,1530-01-01T00:00:00Z,,http://www.wikidata.org/prop/direct/P7929,http://www.wikidata.org/prop/direct/P7929,p=jean;n=le+bouteillier;oc=2,p=jean;n=le+bouteillier;oc=2
http://www.wikidata.org/entity/Q75896136,Marie de Venois,p38816.htm#i388153,1480-01-01T00:00:00Z,,,http://www.wikidata.org/prop/direct/P21,http://www.wikidata.org/prop/direct/P21,http://www.wikidata.org/entity/Q6581072,female
http://www.wikidata.org/entity/Q75896136,Marie de Venois,p38816.htm#i388153,1480-01-01T00:00:00Z,,,http://www.wikidata.org/prop/direct/P26,http://www.wikidata.org/prop/direct/P26,http://www.wikidata.org/entity/Q75896105,"Jean le Bouteiller, Seigneur de la Bouteillerie, de Roquemont, de Vaux-sur-Orge et de la Boissiere"
http://www.wikidata.org/entity/Q75896136,Marie de Venois,p38816.htm#i388153,1480-01-01T00:00:00Z,,,http://www.wikidata.org/prop/direct/P31,http://www.wikidata.org/prop/direct/P31,http://www.wikidata.org/entity/Q5,human
http://www.wikidata.org/entity/Q75896136,Marie de Venois,p38816.htm#i388153,1480-01-01T00:00:00Z,,,http://www.wikidata.org/prop/direct/P40,http://www.wikidata.org/prop/direct/P40,http://www.wikidata.org/entity/Q75896141,Benigne le Bouteiller
http://www.wikidata.org/entity/Q75896136,Marie de Venois,p38816.htm#i388153,1480-01-01T00:00:00Z,,,http://www.wikidata.org/prop/direct/P1819,http://www.wikidata.org/prop/direct/P1819,I00369596,I00369596
http://www.wikidata.org/entity/Q75896136,Marie de Venois,p38816.htm#i388153,1480-01-01T00:00:00Z,,,http://www.wikidata.org/prop/direct/P2949,http://www.wikidata.org/prop/direct/P2949,De_Venois-1,De_Venois-1
http://www.wikidata.org/entity/Q75896136,Marie de Venois,p38816.htm#i388153,1480-01-01T00:00:00Z,,,http://www.wikidata.org/prop/direct/P4638,http://www.wikidata.org/prop/direct/P4638,p38816.htm#i388153,p38816.htm#i388153
http://www.wikidata.org/entity/Q75896136,Marie de Venois,p38816.htm#i388153,1480-01-01T00:00:00Z,,,http://www.wikidata.org/prop/direct/P569,http://www.wikidata.org/prop/direct/P569,1480-01-01T00:00:00Z,1480-01-01T00:00:00Z
http://www.wikidata.org/entity/Q75896136,Marie de Venois,p38816.htm#i388153,1480-01-01T00:00:00Z,,,http://www.wikidata.org/prop/direct/P7929,http://www.wikidata.org/prop/direct/P7929,p=marie;n=de+venois;,p=marie;n=de+venois;
http://www.wikidata.org/entity/Q75896141,Benigne le Bouteiller,p38816.htm#i388156,1495-01-01T00:00:00Z,,,http://www.wikidata.org/prop/direct/P21,http://www.wikidata.org/prop/direct/P21,http://www.wikidata.org/entity/Q6581072,female
http://www.wikidata.org/entity/Q75896141,Benigne le Bouteiller,p38816.htm#i388156,1495-01-01T00:00:00Z,,,http://www.wikidata.org/prop/direct/P22,http://www.wikidata.org/prop/direct/P22,http://www.wikidata.org/entity/Q75896105,"Jean le Bouteiller, Seigneur de la Bouteillerie, de Roquemont, de Vaux-sur-Orge et de la Boissiere"
http://www.wikidata.org/entity/Q75896141,Benigne le Bouteiller,p38816.htm#i388156,1495-01-01T00:00:00Z,,,http://www.wikidata.org/prop/direct/P25,http://www.wikidata.org/prop/direct/P25,http://www.wikidata.org/entity/Q75896136,Marie de Venois
http://www.wikidata.org/entity/Q75896141,Benigne le Bouteiller,p38816.htm#i388156,1495-01-01T00:00:00Z,,,http://www.wikidata.org/prop/direct/P26,http://www.wikidata.org/prop/direct/P26,http://www.wikidata.org/entity/Q75896142,"Jacques Maillard, Seigneur de Champeigne"
http://www.wikidata.org/entity/Q75896141,Benigne le Bouteiller,p38816.htm#i388156,1495-01-01T00:00:00Z,,,http://www.wikidata.org/prop/direct/P31,http://www.wikidata.org/prop/direct/P31,http://www.wikidata.org/entity/Q5,human
http://www.wikidata.org/entity/Q75896141,Benigne le Bouteiller,p38816.htm#i388156,1495-01-01T00:00:00Z,,,http://www.wikidata.org/prop/direct/P40,http://www.wikidata.org/prop/direct/P40,http://www.wikidata.org/entity/Q75896143,"Miles Maillard, Seigneur de Breuil et de la Boissiere"
http://www.wikidata.org/entity/Q75896141,Benigne le Bouteiller,p38816.htm#i388156,1495-01-01T00:00:00Z,,,http://www.wikidata.org/prop/direct/P1819,http://www.wikidata.org/prop/direct/P1819,I00369598,I00369598
http://www.wikidata.org/entity/Q75896141,Benigne le Bouteiller,p38816.htm#i388156,1495-01-01T00:00:00Z,,,http://www.wikidata.org/prop/direct/P2949,http://www.wikidata.org/prop/direct/P2949,Le_Bouteillier-1,Le_Bouteillier-1
http://www.wikidata.org/entity/Q75896141,Benigne le Bouteiller,p38816.htm#i388156,1495-01-01T00:00:00Z,,,http://www.wikidata.org/prop/direct/P4638,http://www.wikidata.org/prop/direct/P4638,p38816.htm#i388156,p38816.htm#i388156
http://www.wikidata.org/entity/Q75896141,Benigne le Bouteiller,p38816.htm#i388156,1495-01-01T00:00:00Z,,,http://www.wikidata.org/prop/direct/P569,http://www.wikidata.org/prop/direct/P569,1495-01-01T00:00:00Z,1495-01-01T00:00:00Z
http://www.wikidata.org/entity/Q75896163,"Jean III Mallet, Seigneur de Granville",p70908.htm#i709071,1310-01-01T00:00:00Z,1356-04-05T00:00:00Z,,http://www.wikidata.org/prop/direct/P21,http://www.wikidata.org/prop/direct/P21,http://www.wikidata.org/entity/Q6581097,male
http://www.wikidata.org/entity/Q75896163,"Jean III Mallet, Seigneur de Granville",p38818.htm#i388173,1310-01-01T00:00:00Z,1356-04-05T00:00:00Z,,http://www.wikidata.org/prop/direct/P21,http://www.wikidata.org/prop/direct/P21,http://www.wikidata.org/entity/Q6581097,male
http://www.wikidata.org/entity/Q75896163,"Jean III Mallet, Seigneur de Granville",p70908.htm#i709071,1310-01-01T00:00:00Z,1356-04-05T00:00:00Z,,http://www.wikidata.org/prop/direct/P22,http://www.wikidata.org/prop/direct/P22,http://www.wikidata.org/entity/Q75896164,"Jean II Mallet, Seigneur de Granville, Seez et Bernay"
http://www.wikidata.org/entity/Q75896163,"Jean III Mallet, Seigneur de Granville",p38818.htm#i388173,1310-01-01T00:00:00Z,1356-04-05T00:00:00Z,,http://www.wikidata.org/prop/direct/P22,http://www.wikidata.org/prop/direct/P22,http://www.wikidata.org/entity/Q75896164,"Jean II Mallet, Seigneur de Granville, Seez et Bernay"
http://www.wikidata.org/entity/Q75896163,"Jean III Mallet, Seigneur de Granville",p70908.htm#i709071,1310-01-01T00:00:00Z,1356-04-05T00:00:00Z,,http://www.wikidata.org/prop/direct/P25,http://www.wikidata.org/prop/direct/P25,http://www.wikidata.org/entity/Q75896243,Jeanne de Warvin
http://www.wikidata.org/entity/Q75896163,"Jean III Mallet, Seigneur de Granville",p38818.htm#i388173,1310-01-01T00:00:00Z,1356-04-05T00:00:00Z,,http://www.wikidata.org/prop/direct/P25,http://www.wikidata.org/prop/direct/P25,http://www.wikidata.org/entity/Q75896243,Jeanne de Warvin
http://www.wikidata.org/entity/Q75896163,"Jean III Mallet, Seigneur de Granville",p70908.htm#i709071,1310-01-01T00:00:00Z,1356-04-05T00:00:00Z,,http://www.wikidata.org/prop/direct/P26,http://www.wikidata.org/prop/direct/P26,http://www.wikidata.org/entity/Q76356061,Eléonore de Châtillon
http://www.wikidata.org/entity/Q75896163,"Jean III Mallet, Seigneur de Granville",p38818.htm#i388173,1310-01-01T00:00:00Z,1356-04-05T00:00:00Z,,http://www.wikidata.org/prop/direct/P26,http://www.wikidata.org/prop/direct/P26,http://www.wikidata.org/entity/Q76356061,Eléonore de Châtillon
http://www.wikidata.org/entity/Q75896163,"Jean III Mallet, Seigneur de Granville",p70908.htm#i709071,1310-01-01T00:00:00Z,1356-04-05T00:00:00Z,,http://www.wikidata.org/prop/direct/P31,http://www.wikidata.org/prop/direct/P31,http://www.wikidata.org/entity/Q5,human
http://www.wikidata.org/entity/Q75896163,"Jean III Mallet, Seigneur de Granville",p38818.htm#i388173,1310-01-01T00:00:00Z,1356-04-05T00:00:00Z,,http://www.wikidata.org/prop/direct/P31,http://www.wikidata.org/prop/direct/P31,http://www.wikidata.org/entity/Q5,human
http://www.wikidata.org/entity/Q75896163,"Jean III Mallet, Seigneur de Granville",p70908.htm#i709071,1310-01-01T00:00:00Z,1356-04-05T00:00:00Z,,http://www.wikidata.org/prop/direct/P40,http://www.wikidata.org/prop/direct/P40,http://www.wikidata.org/entity/Q75895092,"Robert Mallet, Seigneur de Granville"
http://www.wikidata.org/entity/Q75896163,"Jean III Mallet, Seigneur de Granville",p38818.htm#i388173,1310-01-01T00:00:00Z,1356-04-05T00:00:00Z,,http://www.wikidata.org/prop/direct/P40,http://www.wikidata.org/prop/direct/P40,http://www.wikidata.org/entity/Q75895092,"Robert Mallet, Seigneur de Granville"
http://www.wikidata.org/entity/Q75896163,"Jean III Mallet, Seigneur de Granville",p70908.htm#i709071,1310-01-01T00:00:00Z,1356-04-05T00:00:00Z,,http://www.wikidata.org/prop/direct/P94,http://www.wikidata.org/prop/direct/P94,http://commons.wikimedia.org/wiki/Special:FilePath/Blason%20famille%20fr%20Malet%20de%20Graville.svg,http://commons.wikimedia.org/wiki/Special:FilePath/Blason%20famille%20fr%20Malet%20de%20Graville.svg
http://www.wikidata.org/entity/Q75896163,"Jean III Mallet, Seigneur de Granville",p38818.htm#i388173,1310-01-01T00:00:00Z,1356-04-05T00:00:00Z,,http://www.wikidata.org/prop/direct/P94,http://www.wikidata.org/prop/direct/P94,http://commons.wikimedia.org/wiki/Special:FilePath/Blason%20famille%20fr%20Malet%20de%20Graville.svg,http://commons.wikimedia.org/wiki/Special:FilePath/Blason%20famille%20fr%20Malet%20de%20Graville.svg
http://www.wikidata.org/entity/Q75896163,"Jean III Mallet, Seigneur de Granville",p70908.htm#i709071,1310-01-01T00:00:00Z,1356-04-05T00:00:00Z,,http://www.wikidata.org/prop/direct/P1819,http://www.wikidata.org/prop/direct/P1819,I00546861,I00546861
http://www.wikidata.org/entity/Q75896163,"Jean III Mallet, Seigneur de Granville",p38818.htm#i388173,1310-01-01T00:00:00Z,1356-04-05T00:00:00Z,,http://www.wikidata.org/prop/direct/P1819,http://www.wikidata.org/prop/direct/P1819,I00546861,I00546861
http://www.wikidata.org/entity/Q75896163,"Jean III Mallet, Seigneur de Granville",p70908.htm#i709071,1310-01-01T00:00:00Z,1356-04-05T00:00:00Z,,http://www.wikidata.org/prop/direct/P2949,http://www.wikidata.org/prop/direct/P2949,Malet-271,Malet-271
http://www.wikidata.org/entity/Q75896163,"Jean III Mallet, Seigneur de Granville",p38818.htm#i388173,1310-01-01T00:00:00Z,1356-04-05T00:00:00Z,,http://www.wikidata.org/prop/direct/P2949,http://www.wikidata.org/prop/direct/P2949,Malet-271,Malet-271
http://www.wikidata.org/entity/Q75896163,"Jean III Mallet, Seigneur de Granville",p70908.htm#i709071,1310-01-01T00:00:00Z,1356-04-05T00:00:00Z,,http://www.wikidata.org/prop/direct/P4638,http://www.wikidata.org/prop/direct/P4638,p38818.htm#i388173,p38818.htm#i388173
http://www.wikidata.org/entity/Q75896163,"Jean III Mallet, Seigneur de Granville",p38818.htm#i388173,1310-01-01T00:00:00Z,1356-04-05T00:00:00Z,,http://www.wikidata.org/prop/direct/P4638,http://www.wikidata.org/prop/direct/P4638,p38818.htm#i388173,p38818.htm#i388173
http://www.wikidata.org/entity/Q75896163,"Jean III Mallet, Seigneur de Granville",p70908.htm#i709071,1310-01-01T00:00:00Z,1356-04-05T00:00:00Z,,http://www.wikidata.org/prop/direct/P4638,http://www.wikidata.org/prop/direct/P4638,p70908.htm#i709071,p70908.htm#i709071
http://www.wikidata.org/entity/Q75896163,"Jean III Mallet, Seigneur de Granville",p38818.htm#i388173,1310-01-01T00:00:00Z,1356-04-05T00:00:00Z,,http://www.wikidata.org/prop/direct/P4638,http://www.wikidata.org/prop/direct/P4638,p70908.htm#i709071,p70908.htm#i709071
http://www.wikidata.org/entity/Q75896163,"Jean III Mallet, Seigneur de Granville",p70908.htm#i709071,1310-01-01T00:00:00Z,1356-04-05T00:00:00Z,,http://www.wikidata.org/prop/direct/P569,http://www.wikidata.org/prop/direct/P569,1310-01-01T00:00:00Z,1310-01-01T00:00:00Z
http://www.wikidata.org/entity/Q75896163,"Jean III Mallet, Seigneur de Granville",p38818.htm#i388173,1310-01-01T00:00:00Z,1356-04-05T00:00:00Z,,http://www.wikidata.org/prop/direct/P569,http://www.wikidata.org/prop/direct/P569,1310-01-01T00:00:00Z,1310-01-01T00:00:00Z
http://www.wikidata.org/entity/Q75896163,"Jean III Mallet, Seigneur de Granville",p70908.htm#i709071,1310-01-01T00:00:00Z,1356-04-05T00:00:00Z,,http://www.wikidata.org/prop/direct/P570,http://www.wikidata.org/prop/direct/P570,1356-04-05T00:00:00Z,1356-04-05T00:00:00Z
http://www.wikidata.org/entity/Q75896163,"Jean III Mallet, Seigneur de Granville",p38818.htm#i388173,1310-01-01T00:00:00Z,1356-04-05T00:00:00Z,,http://www.wikidata.org/prop/direct/P570,http://www.wikidata.org/prop/direct/P570,1356-04-05T00:00:00Z,1356-04-05T00:00:00Z
http://www.wikidata.org/entity/Q75896163,"Jean III Mallet, Seigneur de Granville",p70908.htm#i709071,1310-01-01T00:00:00Z,1356-04-05T00:00:00Z,,http://www.wikidata.org/prop/direct/P735,http://www.wikidata.org/prop/direct/P735,http://www.wikidata.org/entity/Q7521081,Jean
http://www.wikidata.org/entity/Q75896163,"Jean III Mallet, Seigneur de Granville",p38818.htm#i388173,1310-01-01T00:00:00Z,1356-04-05T00:00:00Z,,http://www.wikidata.org/prop/direct/P735,http://www.wikidata.org/prop/direct/P735,http://www.wikidata.org/entity/Q7521081,Jean
http://www.wikidata.org/entity/Q75896163,"Jean III Mallet, Seigneur de Granville",p70908.htm#i709071,1310-01-01T00:00:00Z,1356-04-05T00:00:00Z,,http://www.wikidata.org/prop/direct/P7929,http://www.wikidata.org/prop/direct/P7929,p=jean;n=malet;oc=1,p=jean;n=malet;oc=1
http://www.wikidata.org/entity/Q75896163,"Jean III Mallet, Seigneur de Granville",p38818.htm#i388173,1310-01-01T00:00:00Z,1356-04-05T00:00:00Z,,http://www.wikidata.org/prop/direct/P7929,http://www.wikidata.org/prop/direct/P7929,p=jean;n=malet;oc=1,p=jean;n=malet;oc=1
http://www.wikidata.org/entity/Q75896170,"Jean I Mallet, Seigneur de Granville, Seez et Bernay",p38818.htm#i388178,,1285-01-01T00:00:00Z,,http://www.wikidata.org/prop/direct/P21,http://www.wikidata.org/prop/direct/P21,http://www.wikidata.org/entity/Q6581097,male
http://www.wikidata.org/entity/Q75896170,"Jean I Mallet, Seigneur de Granville, Seez et Bernay",p38818.htm#i388178,,1285-01-01T00:00:00Z,,http://www.wikidata.org/prop/direct/P22,http://www.wikidata.org/prop/direct/P22,http://www.wikidata.org/entity/Q75912342,"Robert II Mallet, Seigneur de Granville, Seez et Bernay"
http://www.wikidata.org/entity/Q75896170,"Jean I Mallet, Seigneur de Granville, Seez et Bernay",p38818.htm#i388178,,1285-01-01T00:00:00Z,,http://www.wikidata.org/prop/direct/P25,http://www.wikidata.org/prop/direct/P25,http://www.wikidata.org/entity/Q75896200,Agnes de Tancarville
http://www.wikidata.org/entity/Q75896170,"Jean I Mallet, Seigneur de Granville, Seez et Bernay",p38818.htm#i388178,,1285-01-01T00:00:00Z,,http://www.wikidata.org/prop/direct/P26,http://www.wikidata.org/prop/direct/P26,http://www.wikidata.org/entity/Q75896214,Marie de Leon
http://www.wikidata.org/entity/Q75896170,"Jean I Mallet, Seigneur de Granville, Seez et Bernay",p38818.htm#i388178,,1285-01-01T00:00:00Z,,http://www.wikidata.org/prop/direct/P31,http://www.wikidata.org/prop/direct/P31,http://www.wikidata.org/entity/Q5,human
http://www.wikidata.org/entity/Q75896170,"Jean I Mallet, Seigneur de Granville, Seez et Bernay",p38818.htm#i388178,,1285-01-01T00:00:00Z,,http://www.wikidata.org/prop/direct/P40,http://www.wikidata.org/prop/direct/P40,http://www.wikidata.org/entity/Q75896164,"Jean II Mallet, Seigneur de Granville, Seez et Bernay"
http://www.wikidata.org/entity/Q75896170,"Jean I Mallet, Seigneur de Granville, Seez et Bernay",p38818.htm#i388178,,1285-01-01T00:00:00Z,,http://www.wikidata.org/prop/direct/P94,http://www.wikidata.org/prop/direct/P94,http://commons.wikimedia.org/wiki/Special:FilePath/Blason%20famille%20fr%20Malet%20de%20Graville.svg,http://commons.wikimedia.org/wiki/Special:FilePath/Blason%20famille%20fr%20Malet%20de%20Graville.svg
http://www.wikidata.org/entity/Q75896170,"Jean I Mallet, Seigneur de Granville, Seez et Bernay",p38818.htm#i388178,,1285-01-01T00:00:00Z,,http://www.wikidata.org/prop/direct/P1819,http://www.wikidata.org/prop/direct/P1819,I00546858,I00546858
http://www.wikidata.org/entity/Q75896170,"Jean I Mallet, Seigneur de Granville, Seez et Bernay",p38818.htm#i388178,,1285-01-01T00:00:00Z,,http://www.wikidata.org/prop/direct/P2949,http://www.wikidata.org/prop/direct/P2949,Malet-273,Malet-273
http://www.wikidata.org/entity/Q75896170,"Jean I Mallet, Seigneur de Granville, Seez et Bernay",p38818.htm#i388178,,1285-01-01T00:00:00Z,,http://www.wikidata.org/prop/direct/P4638,http://www.wikidata.org/prop/direct/P4638,p38818.htm#i388178,p38818.htm#i388178
http://www.wikidata.org/entity/Q75896170,"Jean I Mallet, Seigneur de Granville, Seez et Bernay",p38818.htm#i388178,,1285-01-01T00:00:00Z,,http://www.wikidata.org/prop/direct/P570,http://www.wikidata.org/prop/direct/P570,1285-01-01T00:00:00Z,1285-01-01T00:00:00Z
http://www.wikidata.org/entity/Q75896170,"Jean I Mallet, Seigneur de Granville, Seez et Bernay",p38818.htm#i388178,,1285-01-01T00:00:00Z,,http://www.wikidata.org/prop/direct/P735,http://www.wikidata.org/prop/direct/P735,http://www.wikidata.org/entity/Q7521081,Jean
http://www.wikidata.org/entity/Q75896172,"Robert I Mallet, Seigneur de Granville",p38818.htm#i388179,,1205-01-01T00:00:00Z,,http://www.wikidata.org/prop/direct/P21,http://www.wikidata.org/prop/direct/P21,http://www.wikidata.org/entity/Q6581097,male
http://www.wikidata.org/entity/Q75896172,"Robert I Mallet, Seigneur de Granville",p38818.htm#i388179,,1205-01-01T00:00:00Z,,http://www.wikidata.org/prop/direct/P22,http://www.wikidata.org/prop/direct/P22,http://www.wikidata.org/entity/Q75896179,"Ernest Mallet, Seigneur de Granville"
http://www.wikidata.org/entity/Q75896172,"Robert I Mallet, Seigneur de Granville",p38818.htm#i388179,,1205-01-01T00:00:00Z,,http://www.wikidata.org/prop/direct/P25,http://www.wikidata.org/prop/direct/P25,http://www.wikidata.org/entity/Q75896194,Adel de Gloceifer
http://www.wikidata.org/entity/Q75896172,"Robert I Mallet, Seigneur de Granville",p38818.htm#i388179,,1205-01-01T00:00:00Z,,http://www.wikidata.org/prop/direct/P26,http://www.wikidata.org/prop/direct/P26,http://www.wikidata.org/entity/Q75291024,Alix d'Alençon
http://www.wikidata.org/entity/Q75896172,"Robert I Mallet, Seigneur de Granville",p38818.htm#i388179,,1205-01-01T00:00:00Z,,http://www.wikidata.org/prop/direct/P31,http://www.wikidata.org/prop/direct/P31,http://www.wikidata.org/entity/Q5,human
http://www.wikidata.org/entity/Q75896172,"Robert I Mallet, Seigneur de Granville",p38818.htm#i388179,,1205-01-01T00:00:00Z,,http://www.wikidata.org/prop/direct/P40,http://www.wikidata.org/prop/direct/P40,http://www.wikidata.org/entity/Q75912342,"Robert II Mallet, Seigneur de Granville, Seez et Bernay"
http://www.wikidata.org/entity/Q75896172,"Robert I Mallet, Seigneur de Granville",p38818.htm#i388179,,1205-01-01T00:00:00Z,,http://www.wikidata.org/prop/direct/P94,http://www.wikidata.org/prop/direct/P94,http://commons.wikimedia.org/wiki/Special:FilePath/Blason%20famille%20fr%20Malet%20de%20Graville.svg,http://commons.wikimedia.org/wiki/Special:FilePath/Blason%20famille%20fr%20Malet%20de%20Graville.svg
http://www.wikidata.org/entity/Q75896172,"Robert I Mallet, Seigneur de Granville",p38818.htm#i388179,,1205-01-01T00:00:00Z,,http://www.wikidata.org/prop/direct/P1819,http://www.wikidata.org/prop/direct/P1819,I00330874,I00330874
http://www.wikidata.org/entity/Q75896172,"Robert I Mallet, Seigneur de Granville",p38818.htm#i388179,,1205-01-01T00:00:00Z,,http://www.wikidata.org/prop/direct/P2949,http://www.wikidata.org/prop/direct/P2949,Malet-278,Malet-278
http://www.wikidata.org/entity/Q75896172,"Robert I Mallet, Seigneur de Granville",p38818.htm#i388179,,1205-01-01T00:00:00Z,,http://www.wikidata.org/prop/direct/P4638,http://www.wikidata.org/prop/direct/P4638,p38818.htm#i388179,p38818.htm#i388179
http://www.wikidata.org/entity/Q75896172,"Robert I Mallet, Seigneur de Granville",p38818.htm#i388179,,1205-01-01T00:00:00Z,,http://www.wikidata.org/prop/direct/P570,http://www.wikidata.org/prop/direct/P570,1205-01-01T00:00:00Z,1205-01-01T00:00:00Z
http://www.wikidata.org/entity/Q75896172,"Robert I Mallet, Seigneur de Granville",p38818.htm#i388179,,1205-01-01T00:00:00Z,,http://www.wikidata.org/prop/direct/P735,http://www.wikidata.org/prop/direct/P735,http://www.wikidata.org/entity/Q4927937,Robert
http://www.wikidata.org/entity/Q75896172,"Robert I Mallet, Seigneur de Granville",p38818.htm#i388179,,1205-01-01T00:00:00Z,,http://www.wikidata.org/prop/direct/P7929,http://www.wikidata.org/prop/direct/P7929,p=robert;n=malet;oc=1,p=robert;n=malet;oc=1
http://www.wikidata.org/entity/Q75896179,"Ernest Mallet, Seigneur de Granville",p38819.htm#i388184,1130-01-01T00:00:00Z,,,http://www.wikidata.org/prop/direct/P21,http://www.wikidata.org/prop/direct/P21,http://www.wikidata.org/entity/Q6581097,male
http://www.wikidata.org/entity/Q75896179,"Ernest Mallet, Seigneur de Granville",p38819.htm#i388184,1130-01-01T00:00:00Z,,,http://www.wikidata.org/prop/direct/P26,http://www.wikidata.org/prop/direct/P26,http://www.wikidata.org/entity/Q75896194,Adel de Gloceifer
http://www.wikidata.org/entity/Q75896179,"Ernest Mallet, Seigneur de Granville",p38819.htm#i388184,1130-01-01T00:00:00Z,,,http://www.wikidata.org/prop/direct/P31,http://www.wikidata.org/prop/direct/P31,http://www.wikidata.org/entity/Q5,human
http://www.wikidata.org/entity/Q75896179,"Ernest Mallet, Seigneur de Granville",p38819.htm#i388184,1130-01-01T00:00:00Z,,,http://www.wikidata.org/prop/direct/P40,http://www.wikidata.org/prop/direct/P40,http://www.wikidata.org/entity/Q75896172,"Robert I Mallet, Seigneur de Granville"
http://www.wikidata.org/entity/Q75896179,"Ernest Mallet, Seigneur de Granville",p38819.htm#i388184,1130-01-01T00:00:00Z,,,http://www.wikidata.org/prop/direct/P94,http://www.wikidata.org/prop/direct/P94,http://commons.wikimedia.org/wiki/Special:FilePath/Blason%20famille%20fr%20Malet%20de%20Graville.svg,http://commons.wikimedia.org/wiki/Special:FilePath/Blason%20famille%20fr%20Malet%20de%20Graville.svg
http://www.wikidata.org/entity/Q75896179,"Ernest Mallet, Seigneur de Granville",p38819.htm#i388184,1130-01-01T00:00:00Z,,,http://www.wikidata.org/prop/direct/P1819,http://www.wikidata.org/prop/direct/P1819,I00546848,I00546848
http://www.wikidata.org/entity/Q75896179,"Ernest Mallet, Seigneur de Granville",p38819.htm#i388184,1130-01-01T00:00:00Z,,,http://www.wikidata.org/prop/direct/P2949,http://www.wikidata.org/prop/direct/P2949,Malet-279,Malet-279
http://www.wikidata.org/entity/Q75896179,"Ernest Mallet, Seigneur de Granville",p38819.htm#i388184,1130-01-01T00:00:00Z,,,http://www.wikidata.org/prop/direct/P4638,http://www.wikidata.org/prop/direct/P4638,p38819.htm#i388184,p38819.htm#i388184
http://www.wikidata.org/entity/Q75896179,"Ernest Mallet, Seigneur de Granville",p38819.htm#i388184,1130-01-01T00:00:00Z,,,http://www.wikidata.org/prop/direct/P569,http://www.wikidata.org/prop/direct/P569,1130-01-01T00:00:00Z,1130-01-01T00:00:00Z
http://www.wikidata.org/entity/Q75896179,"Ernest Mallet, Seigneur de Granville",p38819.htm#i388184,1130-01-01T00:00:00Z,,,http://www.wikidata.org/prop/direct/P735,http://www.wikidata.org/prop/direct/P735,http://www.wikidata.org/entity/Q595105,Ernest
http://www.wikidata.org/entity/Q75896243,Jeanne de Warvin,p38823.htm#i388229,1280-01-01T00:00:00Z,,,http://www.wikidata.org/prop/direct/P21,http://www.wikidata.org/prop/direct/P21,http://www.wikidata.org/entity/Q6581072,female
http://www.wikidata.org/entity/Q75896243,Jeanne de Warvin,p38823.htm#i388229,1280-01-01T00:00:00Z,,,http://www.wikidata.org/prop/direct/P22,http://www.wikidata.org/prop/direct/P22,http://www.wikidata.org/entity/Q110509669,"Robert I dit Brunel de Wavrin, Seigneur de Saint Venant"
http://www.wikidata.org/entity/Q75896243,Jeanne de Warvin,p38823.htm#i388229,1280-01-01T00:00:00Z,,,http://www.wikidata.org/prop/direct/P25,http://www.wikidata.org/prop/direct/P25,http://www.wikidata.org/entity/Q110509688,Mathilde de Lille
http://www.wikidata.org/entity/Q75896243,Jeanne de Warvin,p38823.htm#i388229,1280-01-01T00:00:00Z,,,http://www.wikidata.org/prop/direct/P26,http://www.wikidata.org/prop/direct/P26,http://www.wikidata.org/entity/Q75896164,"Jean II Mallet, Seigneur de Granville, Seez et Bernay"
http://www.wikidata.org/entity/Q75896243,Jeanne de Warvin,p38823.htm#i388229,1280-01-01T00:00:00Z,,,http://www.wikidata.org/prop/direct/P31,http://www.wikidata.org/prop/direct/P31,http://www.wikidata.org/entity/Q5,human
http://www.wikidata.org/entity/Q75896243,Jeanne de Warvin,p38823.htm#i388229,1280-01-01T00:00:00Z,,,http://www.wikidata.org/prop/direct/P40,http://www.wikidata.org/prop/direct/P40,http://www.wikidata.org/entity/Q102829644,Jeanne Malet de Graville
http://www.wikidata.org/entity/Q75896243,Jeanne de Warvin,p38823.htm#i388229,1280-01-01T00:00:00Z,,,http://www.wikidata.org/prop/direct/P40,http://www.wikidata.org/prop/direct/P40,http://www.wikidata.org/entity/Q75896163,"Jean III Mallet, Seigneur de Granville"
http://www.wikidata.org/entity/Q75896243,Jeanne de Warvin,p38823.htm#i388229,1280-01-01T00:00:00Z,,,http://www.wikidata.org/prop/direct/P1819,http://www.wikidata.org/prop/direct/P1819,I00058627,I00058627
http://www.wikidata.org/entity/Q75896243,Jeanne de Warvin,p38823.htm#i388229,1280-01-01T00:00:00Z,,,http://www.wikidata.org/prop/direct/P2949,http://www.wikidata.org/prop/direct/P2949,Wavrin-17,Wavrin-17
http://www.wikidata.org/entity/Q75896243,Jeanne de Warvin,p38823.htm#i388229,1280-01-01T00:00:00Z,,,http://www.wikidata.org/prop/direct/P4638,http://www.wikidata.org/prop/direct/P4638,p38823.htm#i388229,p38823.htm#i388229
http://www.wikidata.org/entity/Q75896243,Jeanne de Warvin,p38823.htm#i388229,1280-01-01T00:00:00Z,,,http://www.wikidata.org/prop/direct/P569,http://www.wikidata.org/prop/direct/P569,1280-01-01T00:00:00Z,1280-01-01T00:00:00Z
http://www.wikidata.org/entity/Q75896243,Jeanne de Warvin,p38823.htm#i388229,1280-01-01T00:00:00Z,,,http://www.wikidata.org/prop/direct/P735,http://www.wikidata.org/prop/direct/P735,http://www.wikidata.org/entity/Q2438057,Jeanne
http://www.wikidata.org/entity/Q75896249,Marguerite de Montmorin,p38824.htm#i388233,,1415-10-08T00:00:00Z,,http://www.wikidata.org/prop/direct/P21,http://www.wikidata.org/prop/direct/P21,http://www.wikidata.org/entity/Q6581072,female
http://www.wikidata.org/entity/Q75896249,Marguerite de Montmorin,p38824.htm#i388233,,1415-10-08T00:00:00Z,,http://www.wikidata.org/prop/direct/P22,http://www.wikidata.org/prop/direct/P22,http://www.wikidata.org/entity/Q75886178,"Geoffrey de Montmorin, Seigneur de Montmorin"
http://www.wikidata.org/entity/Q75896249,Marguerite de Montmorin,p38824.htm#i388233,,1415-10-08T00:00:00Z,,http://www.wikidata.org/prop/direct/P25,http://www.wikidata.org/prop/direct/P25,http://www.wikidata.org/entity/Q75886189,Dauphine de Tinieres
http://www.wikidata.org/entity/Q75896249,Marguerite de Montmorin,p38824.htm#i388233,,1415-10-08T00:00:00Z,,http://www.wikidata.org/prop/direct/P26,http://www.wikidata.org/prop/direct/P26,http://www.wikidata.org/entity/Q75896247,"Pierre de la Queuille, Seigneur de la Queuille et du Chateauneuf"
http://www.wikidata.org/entity/Q75896249,Marguerite de Montmorin,p38824.htm#i388233,,1415-10-08T00:00:00Z,,http://www.wikidata.org/prop/direct/P31,http://www.wikidata.org/prop/direct/P31,http://www.wikidata.org/entity/Q5,human
http://www.wikidata.org/entity/Q75896249,Marguerite de Montmorin,p38824.htm#i388233,,1415-10-08T00:00:00Z,,http://www.wikidata.org/prop/direct/P40,http://www.wikidata.org/prop/direct/P40,http://www.wikidata.org/entity/Q75896245,"Jacques de la Queuille, Seigneur de la Queuille et du Chateauneuf"
http://www.wikidata.org/entity/Q75896249,Marguerite de Montmorin,p38824.htm#i388233,,1415-10-08T00:00:00Z,,http://www.wikidata.org/prop/direct/P4638,http://www.wikidata.org/prop/direct/P4638,p38824.htm#i388233,p38824.htm#i388233
http://www.wikidata.org/entity/Q75896249,Marguerite de Montmorin,p38824.htm#i388233,,1415-10-08T00:00:00Z,,http://www.wikidata.org/prop/direct/P570,http://www.wikidata.org/prop/direct/P570,1415-10-08T00:00:00Z,1415-10-08T00:00:00Z
http://www.wikidata.org/entity/Q75896249,Marguerite de Montmorin,p38824.htm#i388233,,1415-10-08T00:00:00Z,,http://www.wikidata.org/prop/direct/P735,http://www.wikidata.org/prop/direct/P735,http://www.wikidata.org/entity/Q1587821,Marguerite
http://www.wikidata.org/entity/Q75896254,"Andrieu d'Humieres, Seigneur d'Humieres et Bouzincourt",p38824.htm#i388237,,1458-11-21T00:00:00Z,,http://www.wikidata.org/prop/direct/P21,http://www.wikidata.org/prop/direct/P21,http://www.wikidata.org/entity/Q6581097,male
http://www.wikidata.org/entity/Q75896254,"Andrieu d'Humieres, Seigneur d'Humieres et Bouzincourt",p38824.htm#i388237,,1458-11-21T00:00:00Z,,http://www.wikidata.org/prop/direct/P22,http://www.wikidata.org/prop/direct/P22,http://www.wikidata.org/entity/Q75897169,"Drieu d'Humieres, Seigneur d'Humieres et Bouzincourt"
http://www.wikidata.org/entity/Q75896254,"Andrieu d'Humieres, Seigneur d'Humieres et Bouzincourt",p38824.htm#i388237,,1458-11-21T00:00:00Z,,http://www.wikidata.org/prop/direct/P25,http://www.wikidata.org/prop/direct/P25,http://www.wikidata.org/entity/Q75897487,Isabelle de Willerval
http://www.wikidata.org/entity/Q75896254,"Andrieu d'Humieres, Seigneur d'Humieres et Bouzincourt",p38824.htm#i388237,,1458-11-21T00:00:00Z,,http://www.wikidata.org/prop/direct/P26,http://www.wikidata.org/prop/direct/P26,http://www.wikidata.org/entity/Q75896256,Jeanne Nedouchel
http://www.wikidata.org/entity/Q75896254,"Andrieu d'Humieres, Seigneur d'Humieres et Bouzincourt",p38824.htm#i388237,,1458-11-21T00:00:00Z,,http://www.wikidata.org/prop/direct/P31,http://www.wikidata.org/prop/direct/P31,http://www.wikidata.org/entity/Q5,human
http://www.wikidata.org/entity/Q75896254,"Andrieu d'Humieres, Seigneur d'Humieres et Bouzincourt",p38824.htm#i388237,,1458-11-21T00:00:00Z,,http://www.wikidata.org/prop/direct/P40,http://www.wikidata.org/prop/direct/P40,http://www.wikidata.org/entity/Q75243294,"Jean I d'Humieres, Seigneur d'Humieres"
http://www.wikidata.org/entity/Q75896254,"Andrieu d'Humieres, Seigneur d'Humieres et Bouzincourt",p38824.htm#i388237,,1458-11-21T00:00:00Z,,http://www.wikidata.org/prop/direct/P4638,http://www.wikidata.org/prop/direct/P4638,p38824.htm#i388237,p38824.htm#i388237
http://www.wikidata.org/entity/Q75896254,"Andrieu d'Humieres, Seigneur d'Humieres et Bouzincourt",p38824.htm#i388237,,1458-11-21T00:00:00Z,,http://www.wikidata.org/prop/direct/P570,http://www.wikidata.org/prop/direct/P570,1458-11-21T00:00:00Z,1458-11-21T00:00:00Z
http://www.wikidata.org/entity/Q75896391,"Mathilde Tesson, Dame de La Roche-Tesson, de Saint-Sauveur le Vicomte, d'Anvers et d'Avrilly",p38835.htm#i388342,,1242-01-01T00:00:00Z,,http://www.wikidata.org/prop/direct/P21,http://www.wikidata.org/prop/direct/P21,http://www.wikidata.org/entity/Q6581072,female
http://www.wikidata.org/entity/Q75896391,"Mathilde Tesson, Dame de La Roche-Tesson, de Saint-Sauveur le Vicomte, d'Anvers et d'Avrilly",p38835.htm#i388342,,1242-01-01T00:00:00Z,,http://www.wikidata.org/prop/direct/P22,http://www.wikidata.org/prop/direct/P22,http://www.wikidata.org/entity/Q75896392,Jourdain de la Rochetesson
http://www.wikidata.org/entity/Q75896391,"Mathilde Tesson, Dame de La Roche-Tesson, de Saint-Sauveur le Vicomte, d'Anvers et d'Avrilly",p38835.htm#i388342,,1242-01-01T00:00:00Z,,http://www.wikidata.org/prop/direct/P25,http://www.wikidata.org/prop/direct/P25,http://www.wikidata.org/entity/Q75897481,Letice de Saint-Sauveur
http://www.wikidata.org/entity/Q75896391,"Mathilde Tesson, Dame de La Roche-Tesson, de Saint-Sauveur le Vicomte, d'Anvers et d'Avrilly",p38835.htm#i388342,,1242-01-01T00:00:00Z,,http://www.wikidata.org/prop/direct/P26,http://www.wikidata.org/prop/direct/P26,http://www.wikidata.org/entity/Q2223728,Richard of Harcourt
http://www.wikidata.org/entity/Q75896391,"Mathilde Tesson, Dame de La Roche-Tesson, de Saint-Sauveur le Vicomte, d'Anvers et d'Avrilly",p38835.htm#i388342,,1242-01-01T00:00:00Z,,http://www.wikidata.org/prop/direct/P31,http://www.wikidata.org/prop/direct/P31,http://www.wikidata.org/entity/Q5,human
http://www.wikidata.org/entity/Q75896391,"Mathilde Tesson, Dame de La Roche-Tesson, de Saint-Sauveur le Vicomte, d'Anvers et d'Avrilly",p38835.htm#i388342,,1242-01-01T00:00:00Z,,http://www.wikidata.org/prop/direct/P40,http://www.wikidata.org/prop/direct/P40,http://www.wikidata.org/entity/Q113558667,"Robert I d'Harcourt, Seigneur de Beaumesnil, de Gapre"
http://www.wikidata.org/entity/Q75896391,"Mathilde Tesson, Dame de La Roche-Tesson, de Saint-Sauveur le Vicomte, d'Anvers et d'Avrilly",p38835.htm#i388342,,1242-01-01T00:00:00Z,,http://www.wikidata.org/prop/direct/P40,http://www.wikidata.org/prop/direct/P40,http://www.wikidata.org/entity/Q302473,John I of Harcourt
http://www.wikidata.org/entity/Q75896391,"Mathilde Tesson, Dame de La Roche-Tesson, de Saint-Sauveur le Vicomte, d'Anvers et d'Avrilly",p38835.htm#i388342,,1242-01-01T00:00:00Z,,http://www.wikidata.org/prop/direct/P1185,http://www.wikidata.org/prop/direct/P1185,545083,545083
http://www.wikidata.org/entity/Q75896391,"Mathilde Tesson, Dame de La Roche-Tesson, de Saint-Sauveur le Vicomte, d'Anvers et d'Avrilly",p38835.htm#i388342,,1242-01-01T00:00:00Z,,http://www.wikidata.org/prop/direct/P1819,http://www.wikidata.org/prop/direct/P1819,I00028904,I00028904
http://www.wikidata.org/entity/Q75896391,"Mathilde Tesson, Dame de La Roche-Tesson, de Saint-Sauveur le Vicomte, d'Anvers et d'Avrilly",p38835.htm#i388342,,1242-01-01T00:00:00Z,,http://www.wikidata.org/prop/direct/P2949,http://www.wikidata.org/prop/direct/P2949,Taisson-2,Taisson-2
http://www.wikidata.org/entity/Q75896391,"Mathilde Tesson, Dame de La Roche-Tesson, de Saint-Sauveur le Vicomte, d'Anvers et d'Avrilly",p38835.htm#i388342,,1242-01-01T00:00:00Z,,http://www.wikidata.org/prop/direct/P4159,http://www.wikidata.org/prop/direct/P4159,Mathilde_Taisson_(1),Mathilde_Taisson_(1)
http://www.wikidata.org/entity/Q75896391,"Mathilde Tesson, Dame de La Roche-Tesson, de Saint-Sauveur le Vicomte, d'Anvers et d'Avrilly",p38835.htm#i388342,,1242-01-01T00:00:00Z,,http://www.wikidata.org/prop/direct/P4638,http://www.wikidata.org/prop/direct/P4638,p38835.htm#i388342,p38835.htm#i388342
http://www.wikidata.org/entity/Q75896391,"Mathilde Tesson, Dame de La Roche-Tesson, de Saint-Sauveur le Vicomte, d'Anvers et d'Avrilly",p38835.htm#i388342,,1242-01-01T00:00:00Z,,http://www.wikidata.org/prop/direct/P570,http://www.wikidata.org/prop/direct/P570,1242-01-01T00:00:00Z,1242-01-01T00:00:00Z
http://www.wikidata.org/entity/Q75896391,"Mathilde Tesson, Dame de La Roche-Tesson, de Saint-Sauveur le Vicomte, d'Anvers et d'Avrilly",p38835.htm#i388342,,1242-01-01T00:00:00Z,,http://www.wikidata.org/prop/direct/P735,http://www.wikidata.org/prop/direct/P735,http://www.wikidata.org/entity/Q12326416,Mathilde
http://www.wikidata.org/entity/Q75896391,"Mathilde Tesson, Dame de La Roche-Tesson, de Saint-Sauveur le Vicomte, d'Anvers et d'Avrilly",p38835.htm#i388342,,1242-01-01T00:00:00Z,,http://www.wikidata.org/prop/direct/P7929,http://www.wikidata.org/prop/direct/P7929,p=mathilde;n=tesson;oc=3,p=mathilde;n=tesson;oc=3
http://www.wikidata.org/entity/Q75896487,John de Stopham,p38841.htm#i388410,1318-01-01T00:00:00Z,1374-01-01T00:00:00Z,,http://www.wikidata.org/prop/direct/P21,http://www.wikidata.org/prop/direct/P21,http://www.wikidata.org/entity/Q6581097,male
http://www.wikidata.org/entity/Q75896487,John de Stopham,p38841.htm#i388410,1318-01-01T00:00:00Z,1374-01-01T00:00:00Z,,http://www.wikidata.org/prop/direct/P22,http://www.wikidata.org/prop/direct/P22,http://www.wikidata.org/entity/Q75427072,John de Stopham
http://www.wikidata.org/entity/Q75896487,John de Stopham,p38841.htm#i388410,1318-01-01T00:00:00Z,1374-01-01T00:00:00Z,,http://www.wikidata.org/prop/direct/P25,http://www.wikidata.org/prop/direct/P25,http://www.wikidata.org/entity/Q75978579,Isabella de St. John
http://www.wikidata.org/entity/Q75896487,John de Stopham,p38841.htm#i388410,1318-01-01T00:00:00Z,1374-01-01T00:00:00Z,,http://www.wikidata.org/prop/direct/P26,http://www.wikidata.org/prop/direct/P26,http://www.wikidata.org/entity/Q76012630,Joana Atte Ford
http://www.wikidata.org/entity/Q75896487,John de Stopham,p38841.htm#i388410,1318-01-01T00:00:00Z,1374-01-01T00:00:00Z,,http://www.wikidata.org/prop/direct/P31,http://www.wikidata.org/prop/direct/P31,http://www.wikidata.org/entity/Q5,human
http://www.wikidata.org/entity/Q75896487,John de Stopham,p38841.htm#i388410,1318-01-01T00:00:00Z,1374-01-01T00:00:00Z,,http://www.wikidata.org/prop/direct/P40,http://www.wikidata.org/prop/direct/P40,http://www.wikidata.org/entity/Q75427075,William de Stopham
http://www.wikidata.org/entity/Q75896487,John de Stopham,p38841.htm#i388410,1318-01-01T00:00:00Z,1374-01-01T00:00:00Z,,http://www.wikidata.org/prop/direct/P2949,http://www.wikidata.org/prop/direct/P2949,Stopham-13,Stopham-13
http://www.wikidata.org/entity/Q75896487,John de Stopham,p38841.htm#i388410,1318-01-01T00:00:00Z,1374-01-01T00:00:00Z,,http://www.wikidata.org/prop/direct/P4638,http://www.wikidata.org/prop/direct/P4638,p38841.htm#i388410,p38841.htm#i388410
http://www.wikidata.org/entity/Q75896487,John de Stopham,p38841.htm#i388410,1318-01-01T00:00:00Z,1374-01-01T00:00:00Z,,http://www.wikidata.org/prop/direct/P569,http://www.wikidata.org/prop/direct/P569,1318-01-01T00:00:00Z,1318-01-01T00:00:00Z
http://www.wikidata.org/entity/Q75896487,John de Stopham,p38841.htm#i388410,1318-01-01T00:00:00Z,1374-01-01T00:00:00Z,,http://www.wikidata.org/prop/direct/P570,http://www.wikidata.org/prop/direct/P570,1374-01-01T00:00:00Z,1374-01-01T00:00:00Z
http://www.wikidata.org/entity/Q75896487,John de Stopham,p38841.htm#i388410,1318-01-01T00:00:00Z,1374-01-01T00:00:00Z,,http://www.wikidata.org/prop/direct/P735,http://www.wikidata.org/prop/direct/P735,http://www.wikidata.org/entity/Q4925477,John
http://www.wikidata.org/entity/Q75896532,unknown daughter Christian of Grenislaw,p38845.htm#i388443,1360-01-01T00:00:00Z,1428-01-01T00:00:00Z,,http://www.wikidata.org/prop/direct/P21,http://www.wikidata.org/prop/direct/P21,http://www.wikidata.org/entity/Q6581072,female
http://www.wikidata.org/entity/Q75896532,unknown daughter Christian of Grenislaw,p38990.htm#i389892,1360-01-01T00:00:00Z,1428-01-01T00:00:00Z,,http://www.wikidata.org/prop/direct/P21,http://www.wikidata.org/prop/direct/P21,http://www.wikidata.org/entity/Q6581072,female
http://www.wikidata.org/entity/Q75896532,unknown daughter Christian of Grenislaw,p38845.htm#i388443,1360-01-01T00:00:00Z,1428-01-01T00:00:00Z,,http://www.wikidata.org/prop/direct/P26,http://www.wikidata.org/prop/direct/P26,http://www.wikidata.org/entity/Q75661036,Sir John Crichton of that Ilk
http://www.wikidata.org/entity/Q75896532,unknown daughter Christian of Grenislaw,p38990.htm#i389892,1360-01-01T00:00:00Z,1428-01-01T00:00:00Z,,http://www.wikidata.org/prop/direct/P26,http://www.wikidata.org/prop/direct/P26,http://www.wikidata.org/entity/Q75661036,Sir John Crichton of that Ilk
http://www.wikidata.org/entity/Q75896532,unknown daughter Christian of Grenislaw,p38845.htm#i388443,1360-01-01T00:00:00Z,1428-01-01T00:00:00Z,,http://www.wikidata.org/prop/direct/P31,http://www.wikidata.org/prop/direct/P31,http://www.wikidata.org/entity/Q5,human
http://www.wikidata.org/entity/Q75896532,unknown daughter Christian of Grenislaw,p38990.htm#i389892,1360-01-01T00:00:00Z,1428-01-01T00:00:00Z,,http://www.wikidata.org/prop/direct/P31,http://www.wikidata.org/prop/direct/P31,http://www.wikidata.org/entity/Q5,human
http://www.wikidata.org/entity/Q75896532,unknown daughter Christian of Grenislaw,p38845.htm#i388443,1360-01-01T00:00:00Z,1428-01-01T00:00:00Z,,http://www.wikidata.org/prop/direct/P40,http://www.wikidata.org/prop/direct/P40,http://www.wikidata.org/entity/Q8007289,"William Crichton, 1st Lord Crichton"
http://www.wikidata.org/entity/Q75896532,unknown daughter Christian of Grenislaw,p38990.htm#i389892,1360-01-01T00:00:00Z,1428-01-01T00:00:00Z,,http://www.wikidata.org/prop/direct/P40,http://www.wikidata.org/prop/direct/P40,http://www.wikidata.org/entity/Q8007289,"William Crichton, 1st Lord Crichton"
http://www.wikidata.org/entity/Q75896532,unknown daughter Christian of Grenislaw,p38845.htm#i388443,1360-01-01T00:00:00Z,1428-01-01T00:00:00Z,,http://www.wikidata.org/prop/direct/P1819,http://www.wikidata.org/prop/direct/P1819,I00177794,I00177794
http://www.wikidata.org/entity/Q75896532,unknown daughter Christian of Grenislaw,p38990.htm#i389892,1360-01-01T00:00:00Z,1428-01-01T00:00:00Z,,http://www.wikidata.org/prop/direct/P1819,http://www.wikidata.org/prop/direct/P1819,I00177794,I00177794
http://www.wikidata.org/entity/Q75896532,unknown daughter Christian of Grenislaw,p38845.htm#i388443,1360-01-01T00:00:00Z,1428-01-01T00:00:00Z,,http://www.wikidata.org/prop/direct/P2949,http://www.wikidata.org/prop/direct/P2949,Gremislaw-1,Gremislaw-1
http://www.wikidata.org/entity/Q75896532,unknown daughter Christian of Grenislaw,p38990.htm#i389892,1360-01-01T00:00:00Z,1428-01-01T00:00:00Z,,http://www.wikidata.org/prop/direct/P2949,http://www.wikidata.org/prop/direct/P2949,Gremislaw-1,Gremislaw-1
http://www.wikidata.org/entity/Q75896532,unknown daughter Christian of Grenislaw,p38845.htm#i388443,1360-01-01T00:00:00Z,1428-01-01T00:00:00Z,,http://www.wikidata.org/prop/direct/P4638,http://www.wikidata.org/prop/direct/P4638,p38845.htm#i388443,p38845.htm#i388443
http://www.wikidata.org/entity/Q75896532,unknown daughter Christian of Grenislaw,p38990.htm#i389892,1360-01-01T00:00:00Z,1428-01-01T00:00:00Z,,http://www.wikidata.org/prop/direct/P4638,http://www.wikidata.org/prop/direct/P4638,p38845.htm#i388443,p38845.htm#i388443
http://www.wikidata.org/entity/Q75896532,unknown daughter Christian of Grenislaw,p38845.htm#i388443,1360-01-01T00:00:00Z,1428-01-01T00:00:00Z,,http://www.wikidata.org/prop/direct/P4638,http://www.wikidata.org/prop/direct/P4638,p38990.htm#i389892,p38990.htm#i389892
http://www.wikidata.org/entity/Q75896532,unknown daughter Christian of Grenislaw,p38990.htm#i389892,1360-01-01T00:00:00Z,1428-01-01T00:00:00Z,,http://www.wikidata.org/prop/direct/P4638,http://www.wikidata.org/prop/direct/P4638,p38990.htm#i389892,p38990.htm#i389892
http://www.wikidata.org/entity/Q75896532,unknown daughter Christian of Grenislaw,p38845.htm#i388443,1360-01-01T00:00:00Z,1428-01-01T00:00:00Z,,http://www.wikidata.org/prop/direct/P569,http://www.wikidata.org/prop/direct/P569,1360-01-01T00:00:00Z,1360-01-01T00:00:00Z
http://www.wikidata.org/entity/Q75896532,unknown daughter Christian of Grenislaw,p38990.htm#i389892,1360-01-01T00:00:00Z,1428-01-01T00:00:00Z,,http://www.wikidata.org/prop/direct/P569,http://www.wikidata.org/prop/direct/P569,1360-01-01T00:00:00Z,1360-01-01T00:00:00Z
http://www.wikidata.org/entity/Q75896532,unknown daughter Christian of Grenislaw,p38845.htm#i388443,1360-01-01T00:00:00Z,1428-01-01T00:00:00Z,,http://www.wikidata.org/prop/direct/P570,http://www.wikidata.org/prop/direct/P570,1428-01-01T00:00:00Z,1428-01-01T00:00:00Z
http://www.wikidata.org/entity/Q75896532,unknown daughter Christian of Grenislaw,p38990.htm#i389892,1360-01-01T00:00:00Z,1428-01-01T00:00:00Z,,http://www.wikidata.org/prop/direct/P570,http://www.wikidata.org/prop/direct/P570,1428-01-01T00:00:00Z,1428-01-01T00:00:00Z
http://www.wikidata.org/entity/Q75896532,unknown daughter Christian of Grenislaw,p38845.htm#i388443,1360-01-01T00:00:00Z,1428-01-01T00:00:00Z,,http://www.wikidata.org/prop/direct/P735,http://www.wikidata.org/prop/direct/P735,http://www.wikidata.org/entity/Q18001597,Christian
http://www.wikidata.org/entity/Q75896532,unknown daughter Christian of Grenislaw,p38990.htm#i389892,1360-01-01T00:00:00Z,1428-01-01T00:00:00Z,,http://www.wikidata.org/prop/direct/P735,http://www.wikidata.org/prop/direct/P735,http://www.wikidata.org/entity/Q18001597,Christian
http://www.wikidata.org/entity/Q75896532,unknown daughter Christian of Grenislaw,p38845.htm#i388443,1360-01-01T00:00:00Z,1428-01-01T00:00:00Z,,http://www.wikidata.org/prop/direct/P735,http://www.wikidata.org/prop/direct/P735,http://www.wikidata.org/.well-known/genid/a79d3e3d8f2fceea2264fa9d17fd2824,http://www.wikidata.org/.well-known/genid/a79d3e3d8f2fceea2264fa9d17fd2824
http://www.wikidata.org/entity/Q75896532,unknown daughter Christian of Grenislaw,p38990.htm#i389892,1360-01-01T00:00:00Z,1428-01-01T00:00:00Z,,http://www.wikidata.org/prop/direct/P735,http://www.wikidata.org/prop/direct/P735,http://www.wikidata.org/.well-known/genid/a79d3e3d8f2fceea2264fa9d17fd2824,http://www.wikidata.org/.well-known/genid/a79d3e3d8f2fceea2264fa9d17fd2824
http://www.wikidata.org/entity/Q75897169,"Drieu d'Humieres, Seigneur d'Humieres et Bouzincourt",p38892.htm#i388918,,1415-01-01T00:00:00Z,,http://www.wikidata.org/prop/direct/P21,http://www.wikidata.org/prop/direct/P21,http://www.wikidata.org/entity/Q6581097,male
http://www.wikidata.org/entity/Q75897169,"Drieu d'Humieres, Seigneur d'Humieres et Bouzincourt",p38892.htm#i388918,,1415-01-01T00:00:00Z,,http://www.wikidata.org/prop/direct/P22,http://www.wikidata.org/prop/direct/P22,http://www.wikidata.org/entity/Q75899885,Mathieu d'Humieres
http://www.wikidata.org/entity/Q75897169,"Drieu d'Humieres, Seigneur d'Humieres et Bouzincourt",p38892.htm#i388918,,1415-01-01T00:00:00Z,,http://www.wikidata.org/prop/direct/P25,http://www.wikidata.org/prop/direct/P25,http://www.wikidata.org/entity/Q75899886,Jeanne d'Agincourt
http://www.wikidata.org/entity/Q75897169,"Drieu d'Humieres, Seigneur d'Humieres et Bouzincourt",p38892.htm#i388918,,1415-01-01T00:00:00Z,,http://www.wikidata.org/prop/direct/P26,http://www.wikidata.org/prop/direct/P26,http://www.wikidata.org/entity/Q75897487,Isabelle de Willerval
http://www.wikidata.org/entity/Q75897169,"Drieu d'Humieres, Seigneur d'Humieres et Bouzincourt",p38892.htm#i388918,,1415-01-01T00:00:00Z,,http://www.wikidata.org/prop/direct/P31,http://www.wikidata.org/prop/direct/P31,http://www.wikidata.org/entity/Q5,human
http://www.wikidata.org/entity/Q75897169,"Drieu d'Humieres, Seigneur d'Humieres et Bouzincourt",p38892.htm#i388918,,1415-01-01T00:00:00Z,,http://www.wikidata.org/prop/direct/P40,http://www.wikidata.org/prop/direct/P40,http://www.wikidata.org/entity/Q75896254,"Andrieu d'Humieres, Seigneur d'Humieres et Bouzincourt"
http://www.wikidata.org/entity/Q75897169,"Drieu d'Humieres, Seigneur d'Humieres et Bouzincourt",p38892.htm#i388918,,1415-01-01T00:00:00Z,,http://www.wikidata.org/prop/direct/P4638,http://www.wikidata.org/prop/direct/P4638,p38892.htm#i388918,p38892.htm#i388918
http://www.wikidata.org/entity/Q75897169,"Drieu d'Humieres, Seigneur d'Humieres et Bouzincourt",p38892.htm#i388918,,1415-01-01T00:00:00Z,,http://www.wikidata.org/prop/direct/P570,http://www.wikidata.org/prop/direct/P570,1415-01-01T00:00:00Z,1415-01-01T00:00:00Z
http://www.wikidata.org/entity/Q75897239,John Danbridgecourt,p38897.htm#i388970,1499-01-01T00:00:00Z,1543-07-16T00:00:00Z,,http://www.wikidata.org/prop/direct/P21,http://www.wikidata.org/prop/direct/P21,http://www.wikidata.org/entity/Q6581097,male
http://www.wikidata.org/entity/Q75897239,John Danbridgecourt,p39899.htm#i398990,1499-01-01T00:00:00Z,1543-07-16T00:00:00Z,,http://www.wikidata.org/prop/direct/P21,http://www.wikidata.org/prop/direct/P21,http://www.wikidata.org/entity/Q6581097,male
http://www.wikidata.org/entity/Q75897239,John Danbridgecourt,p38897.htm#i388970,1499-01-01T00:00:00Z,1543-07-16T00:00:00Z,,http://www.wikidata.org/prop/direct/P22,http://www.wikidata.org/prop/direct/P22,http://www.wikidata.org/entity/Q75897240,Sir Thomas Dabridgecourt
http://www.wikidata.org/entity/Q75897239,John Danbridgecourt,p39899.htm#i398990,1499-01-01T00:00:00Z,1543-07-16T00:00:00Z,,http://www.wikidata.org/prop/direct/P22,http://www.wikidata.org/prop/direct/P22,http://www.wikidata.org/entity/Q75897240,Sir Thomas Dabridgecourt
http://www.wikidata.org/entity/Q75897239,John Danbridgecourt,p38897.htm#i388970,1499-01-01T00:00:00Z,1543-07-16T00:00:00Z,,http://www.wikidata.org/prop/direct/P25,http://www.wikidata.org/prop/direct/P25,http://www.wikidata.org/entity/Q75897241,Alice Delaware
http://www.wikidata.org/entity/Q75897239,John Danbridgecourt,p39899.htm#i398990,1499-01-01T00:00:00Z,1543-07-16T00:00:00Z,,http://www.wikidata.org/prop/direct/P25,http://www.wikidata.org/prop/direct/P25,http://www.wikidata.org/entity/Q75897241,Alice Delaware
http://www.wikidata.org/entity/Q75897239,John Danbridgecourt,p38897.htm#i388970,1499-01-01T00:00:00Z,1543-07-16T00:00:00Z,,http://www.wikidata.org/prop/direct/P26,http://www.wikidata.org/prop/direct/P26,http://www.wikidata.org/entity/Q75948433,Maria Mynors
http://www.wikidata.org/entity/Q75897239,John Danbridgecourt,p39899.htm#i398990,1499-01-01T00:00:00Z,1543-07-16T00:00:00Z,,http://www.wikidata.org/prop/direct/P26,http://www.wikidata.org/prop/direct/P26,http://www.wikidata.org/entity/Q75948433,Maria Mynors
http://www.wikidata.org/entity/Q75897239,John Danbridgecourt,p38897.htm#i388970,1499-01-01T00:00:00Z,1543-07-16T00:00:00Z,,http://www.wikidata.org/prop/direct/P31,http://www.wikidata.org/prop/direct/P31,http://www.wikidata.org/entity/Q5,human
http://www.wikidata.org/entity/Q75897239,John Danbridgecourt,p39899.htm#i398990,1499-01-01T00:00:00Z,1543-07-16T00:00:00Z,,http://www.wikidata.org/prop/direct/P31,http://www.wikidata.org/prop/direct/P31,http://www.wikidata.org/entity/Q5,human
http://www.wikidata.org/entity/Q75897239,John Danbridgecourt,p38897.htm#i388970,1499-01-01T00:00:00Z,1543-07-16T00:00:00Z,,http://www.wikidata.org/prop/direct/P40,http://www.wikidata.org/prop/direct/P40,http://www.wikidata.org/entity/Q116028984,"Thomas Dabridgcourt, of Longdon Hall"
http://www.wikidata.org/entity/Q75897239,John Danbridgecourt,p39899.htm#i398990,1499-01-01T00:00:00Z,1543-07-16T00:00:00Z,,http://www.wikidata.org/prop/direct/P40,http://www.wikidata.org/prop/direct/P40,http://www.wikidata.org/entity/Q116028984,"Thomas Dabridgcourt, of Longdon Hall"
http://www.wikidata.org/entity/Q75897239,John Danbridgecourt,p38897.htm#i388970,1499-01-01T00:00:00Z,1543-07-16T00:00:00Z,,http://www.wikidata.org/prop/direct/P40,http://www.wikidata.org/prop/direct/P40,http://www.wikidata.org/entity/Q75896659,Cecily Danbridgecourt
http://www.wikidata.org/entity/Q75897239,John Danbridgecourt,p39899.htm#i398990,1499-01-01T00:00:00Z,1543-07-16T00:00:00Z,,http://www.wikidata.org/prop/direct/P40,http://www.wikidata.org/prop/direct/P40,http://www.wikidata.org/entity/Q75896659,Cecily Danbridgecourt
http://www.wikidata.org/entity/Q75897239,John Danbridgecourt,p38897.htm#i388970,1499-01-01T00:00:00Z,1543-07-16T00:00:00Z,,http://www.wikidata.org/prop/direct/P40,http://www.wikidata.org/prop/direct/P40,http://www.wikidata.org/entity/Q75912437,Anne Danbridgecourt
http://www.wikidata.org/entity/Q75897239,John Danbridgecourt,p39899.htm#i398990,1499-01-01T00:00:00Z,1543-07-16T00:00:00Z,,http://www.wikidata.org/prop/direct/P40,http://www.wikidata.org/prop/direct/P40,http://www.wikidata.org/entity/Q75912437,Anne Danbridgecourt
http://www.wikidata.org/entity/Q75897239,John Danbridgecourt,p38897.htm#i388970,1499-01-01T00:00:00Z,1543-07-16T00:00:00Z,,http://www.wikidata.org/prop/direct/P1819,http://www.wikidata.org/prop/direct/P1819,I00690452,I00690452
http://www.wikidata.org/entity/Q75897239,John Danbridgecourt,p39899.htm#i398990,1499-01-01T00:00:00Z,1543-07-16T00:00:00Z,,http://www.wikidata.org/prop/direct/P1819,http://www.wikidata.org/prop/direct/P1819,I00690452,I00690452
http://www.wikidata.org/entity/Q75897239,John Danbridgecourt,p38897.htm#i388970,1499-01-01T00:00:00Z,1543-07-16T00:00:00Z,,http://www.wikidata.org/prop/direct/P2949,http://www.wikidata.org/prop/direct/P2949,Dabridgecourt-2,Dabridgecourt-2
http://www.wikidata.org/entity/Q75897239,John Danbridgecourt,p39899.htm#i398990,1499-01-01T00:00:00Z,1543-07-16T00:00:00Z,,http://www.wikidata.org/prop/direct/P2949,http://www.wikidata.org/prop/direct/P2949,Dabridgecourt-2,Dabridgecourt-2
http://www.wikidata.org/entity/Q75897239,John Danbridgecourt,p38897.htm#i388970,1499-01-01T00:00:00Z,1543-07-16T00:00:00Z,,http://www.wikidata.org/prop/direct/P4638,http://www.wikidata.org/prop/direct/P4638,p38897.htm#i388970,p38897.htm#i388970
http://www.wikidata.org/entity/Q75897239,John Danbridgecourt,p39899.htm#i398990,1499-01-01T00:00:00Z,1543-07-16T00:00:00Z,,http://www.wikidata.org/prop/direct/P4638,http://www.wikidata.org/prop/direct/P4638,p38897.htm#i388970,p38897.htm#i388970
http://www.wikidata.org/entity/Q75897239,John Danbridgecourt,p38897.htm#i388970,1499-01-01T00:00:00Z,1543-07-16T00:00:00Z,,http://www.wikidata.org/prop/direct/P4638,http://www.wikidata.org/prop/direct/P4638,p39899.htm#i398990,p39899.htm#i398990
http://www.wikidata.org/entity/Q75897239,John Danbridgecourt,p39899.htm#i398990,1499-01-01T00:00:00Z,1543-07-16T00:00:00Z,,http://www.wikidata.org/prop/direct/P4638,http://www.wikidata.org/prop/direct/P4638,p39899.htm#i398990,p39899.htm#i398990
http://www.wikidata.org/entity/Q75897239,John Danbridgecourt,p38897.htm#i388970,1499-01-01T00:00:00Z,1543-07-16T00:00:00Z,,http://www.wikidata.org/prop/direct/P569,http://www.wikidata.org/prop/direct/P569,1499-01-01T00:00:00Z,1499-01-01T00:00:00Z
http://www.wikidata.org/entity/Q75897239,John Danbridgecourt,p39899.htm#i398990,1499-01-01T00:00:00Z,1543-07-16T00:00:00Z,,http://www.wikidata.org/prop/direct/P569,http://www.wikidata.org/prop/direct/P569,1499-01-01T00:00:00Z,1499-01-01T00:00:00Z
http://www.wikidata.org/entity/Q75897239,John Danbridgecourt,p38897.htm#i388970,1499-01-01T00:00:00Z,1543-07-16T00:00:00Z,,http://www.wikidata.org/prop/direct/P570,http://www.wikidata.org/prop/direct/P570,1543-07-16T00:00:00Z,1543-07-16T00:00:00Z
http://www.wikidata.org/entity/Q75897239,John Danbridgecourt,p39899.htm#i398990,1499-01-01T00:00:00Z,1543-07-16T00:00:00Z,,http://www.wikidata.org/prop/direct/P570,http://www.wikidata.org/prop/direct/P570,1543-07-16T00:00:00Z,1543-07-16T00:00:00Z
http://www.wikidata.org/entity/Q75897239,John Danbridgecourt,p38897.htm#i388970,1499-01-01T00:00:00Z,1543-07-16T00:00:00Z,,http://www.wikidata.org/prop/direct/P735,http://www.wikidata.org/prop/direct/P735,http://www.wikidata.org/entity/Q4925477,John
http://www.wikidata.org/entity/Q75897239,John Danbridgecourt,p39899.htm#i398990,1499-01-01T00:00:00Z,1543-07-16T00:00:00Z,,http://www.wikidata.org/prop/direct/P735,http://www.wikidata.org/prop/direct/P735,http://www.wikidata.org/entity/Q4925477,John
http://www.wikidata.org/entity/Q75897240,Sir Thomas Dabridgecourt,p38898.htm#i388971,1474-01-01T00:00:00Z,,,http://www.wikidata.org/prop/direct/P21,http://www.wikidata.org/prop/direct/P21,http://www.wikidata.org/entity/Q6581097,male
http://www.wikidata.org/entity/Q75897240,Sir Thomas Dabridgecourt,p38898.htm#i388971,1474-01-01T00:00:00Z,,,http://www.wikidata.org/prop/direct/P22,http://www.wikidata.org/prop/direct/P22,http://www.wikidata.org/entity/Q109335362,"Thomas Dabridgcourt, of Stratfieldsay"
http://www.wikidata.org/entity/Q75897240,Sir Thomas Dabridgecourt,p38898.htm#i388971,1474-01-01T00:00:00Z,,,http://www.wikidata.org/prop/direct/P22,http://www.wikidata.org/prop/direct/P22,http://www.wikidata.org/entity/Q75897266,Sir Nicholas Dabridgecourt
http://www.wikidata.org/entity/Q75897240,Sir Thomas Dabridgecourt,p38898.htm#i388971,1474-01-01T00:00:00Z,,,http://www.wikidata.org/prop/direct/P25,http://www.wikidata.org/prop/direct/P25,http://www.wikidata.org/entity/Q116028987,Beatrice
http://www.wikidata.org/entity/Q75897240,Sir Thomas Dabridgecourt,p38898.htm#i388971,1474-01-01T00:00:00Z,,,http://www.wikidata.org/prop/direct/P26,http://www.wikidata.org/prop/direct/P26,http://www.wikidata.org/entity/Q75897241,Alice Delaware
http://www.wikidata.org/entity/Q75897240,Sir Thomas Dabridgecourt,p38898.htm#i388971,1474-01-01T00:00:00Z,,,http://www.wikidata.org/prop/direct/P31,http://www.wikidata.org/prop/direct/P31,http://www.wikidata.org/entity/Q5,human
http://www.wikidata.org/entity/Q75897240,Sir Thomas Dabridgecourt,p38898.htm#i388971,1474-01-01T00:00:00Z,,,http://www.wikidata.org/prop/direct/P40,http://www.wikidata.org/prop/direct/P40,http://www.wikidata.org/entity/Q121339766,"Thomas Dabridgecourt, of Stratfieldsaye"
http://www.wikidata.org/entity/Q75897240,Sir Thomas Dabridgecourt,p38898.htm#i388971,1474-01-01T00:00:00Z,,,http://www.wikidata.org/prop/direct/P40,http://www.wikidata.org/prop/direct/P40,http://www.wikidata.org/entity/Q75897239,John Danbridgecourt
http://www.wikidata.org/entity/Q75897240,Sir Thomas Dabridgecourt,p38898.htm#i388971,1474-01-01T00:00:00Z,,,http://www.wikidata.org/prop/direct/P1819,http://www.wikidata.org/prop/direct/P1819,I00693132,I00693132
http://www.wikidata.org/entity/Q75897240,Sir Thomas Dabridgecourt,p38898.htm#i388971,1474-01-01T00:00:00Z,,,http://www.wikidata.org/prop/direct/P2949,http://www.wikidata.org/prop/direct/P2949,Dabridgecourt-6,Dabridgecourt-6
http://www.wikidata.org/entity/Q75897240,Sir Thomas Dabridgecourt,p38898.htm#i388971,1474-01-01T00:00:00Z,,,http://www.wikidata.org/prop/direct/P4638,http://www.wikidata.org/prop/direct/P4638,p38898.htm#i388971,p38898.htm#i388971
http://www.wikidata.org/entity/Q75897240,Sir Thomas Dabridgecourt,p38898.htm#i388971,1474-01-01T00:00:00Z,,,http://www.wikidata.org/prop/direct/P511,http://www.wikidata.org/prop/direct/P511,http://www.wikidata.org/entity/Q209690,Sir
http://www.wikidata.org/entity/Q75897240,Sir Thomas Dabridgecourt,p38898.htm#i388971,1474-01-01T00:00:00Z,,,http://www.wikidata.org/prop/direct/P569,http://www.wikidata.org/prop/direct/P569,1474-01-01T00:00:00Z,1474-01-01T00:00:00Z
http://www.wikidata.org/entity/Q75897240,Sir Thomas Dabridgecourt,p38898.htm#i388971,1474-01-01T00:00:00Z,,,http://www.wikidata.org/prop/direct/P735,http://www.wikidata.org/prop/direct/P735,http://www.wikidata.org/entity/Q16428906,Thomas
http://www.wikidata.org/entity/Q75897241,Alice Delaware,p38898.htm#i388972,1478-01-01T00:00:00Z,,,http://www.wikidata.org/prop/direct/P21,http://www.wikidata.org/prop/direct/P21,http://www.wikidata.org/entity/Q6581072,female
http://www.wikidata.org/entity/Q75897241,Alice Delaware,p38898.htm#i388972,1478-01-01T00:00:00Z,,,http://www.wikidata.org/prop/direct/P22,http://www.wikidata.org/prop/direct/P22,http://www.wikidata.org/entity/Q75897260,Sir Thomas Delaware
http://www.wikidata.org/entity/Q75897241,Alice Delaware,p38898.htm#i388972,1478-01-01T00:00:00Z,,,http://www.wikidata.org/prop/direct/P26,http://www.wikidata.org/prop/direct/P26,http://www.wikidata.org/entity/Q75897240,Sir Thomas Dabridgecourt
http://www.wikidata.org/entity/Q75897241,Alice Delaware,p38898.htm#i388972,1478-01-01T00:00:00Z,,,http://www.wikidata.org/prop/direct/P31,http://www.wikidata.org/prop/direct/P31,http://www.wikidata.org/entity/Q5,human
http://www.wikidata.org/entity/Q75897241,Alice Delaware,p38898.htm#i388972,1478-01-01T00:00:00Z,,,http://www.wikidata.org/prop/direct/P40,http://www.wikidata.org/prop/direct/P40,http://www.wikidata.org/entity/Q121339766,"Thomas Dabridgecourt, of Stratfieldsaye"
http://www.wikidata.org/entity/Q75897241,Alice Delaware,p38898.htm#i388972,1478-01-01T00:00:00Z,,,http://www.wikidata.org/prop/direct/P40,http://www.wikidata.org/prop/direct/P40,http://www.wikidata.org/entity/Q75897239,John Danbridgecourt
http://www.wikidata.org/entity/Q75897241,Alice Delaware,p38898.htm#i388972,1478-01-01T00:00:00Z,,,http://www.wikidata.org/prop/direct/P1819,http://www.wikidata.org/prop/direct/P1819,I00693133,I00693133
http://www.wikidata.org/entity/Q75897241,Alice Delaware,p38898.htm#i388972,1478-01-01T00:00:00Z,,,http://www.wikidata.org/prop/direct/P2949,http://www.wikidata.org/prop/direct/P2949,Delamere-71,Delamere-71
http://www.wikidata.org/entity/Q75897241,Alice Delaware,p38898.htm#i388972,1478-01-01T00:00:00Z,,,http://www.wikidata.org/prop/direct/P4638,http://www.wikidata.org/prop/direct/P4638,p38898.htm#i388972,p38898.htm#i388972
http://www.wikidata.org/entity/Q75897241,Alice Delaware,p38898.htm#i388972,1478-01-01T00:00:00Z,,,http://www.wikidata.org/prop/direct/P569,http://www.wikidata.org/prop/direct/P569,1478-01-01T00:00:00Z,1478-01-01T00:00:00Z
http://www.wikidata.org/entity/Q75897241,Alice Delaware,p38898.htm#i388972,1478-01-01T00:00:00Z,,,http://www.wikidata.org/prop/direct/P735,http://www.wikidata.org/prop/direct/P735,http://www.wikidata.org/entity/Q650689,Alice
http://www.wikidata.org/entity/Q75897243,William de Ramsay,p38898.htm#i388973,1160-01-01T00:00:00Z,1230-01-01T00:00:00Z,,http://www.wikidata.org/prop/direct/P21,http://www.wikidata.org/prop/direct/P21,http://www.wikidata.org/entity/Q6581097,male
http://www.wikidata.org/entity/Q75897243,William de Ramsay,p38898.htm#i388973,1160-01-01T00:00:00Z,1230-01-01T00:00:00Z,,http://www.wikidata.org/prop/direct/P22,http://www.wikidata.org/prop/direct/P22,http://www.wikidata.org/entity/Q75897215,William de Ramsay
http://www.wikidata.org/entity/Q75897243,William de Ramsay,p38898.htm#i388973,1160-01-01T00:00:00Z,1230-01-01T00:00:00Z,,http://www.wikidata.org/prop/direct/P31,http://www.wikidata.org/prop/direct/P31,http://www.wikidata.org/entity/Q5,human
http://www.wikidata.org/entity/Q75897243,William de Ramsay,p38898.htm#i388973,1160-01-01T00:00:00Z,1230-01-01T00:00:00Z,,http://www.wikidata.org/prop/direct/P40,http://www.wikidata.org/prop/direct/P40,http://www.wikidata.org/entity/Q76012164,William de Ramsay
http://www.wikidata.org/entity/Q75897243,William de Ramsay,p38898.htm#i388973,1160-01-01T00:00:00Z,1230-01-01T00:00:00Z,,http://www.wikidata.org/prop/direct/P40,http://www.wikidata.org/prop/direct/P40,http://www.wikidata.org/entity/Q76012166,Malcolm de Ramsay
http://www.wikidata.org/entity/Q75897243,William de Ramsay,p38898.htm#i388973,1160-01-01T00:00:00Z,1230-01-01T00:00:00Z,,http://www.wikidata.org/prop/direct/P40,http://www.wikidata.org/prop/direct/P40,http://www.wikidata.org/entity/Q76012167,John de Ramsay
http://www.wikidata.org/entity/Q75897243,William de Ramsay,p38898.htm#i388973,1160-01-01T00:00:00Z,1230-01-01T00:00:00Z,,http://www.wikidata.org/prop/direct/P2949,http://www.wikidata.org/prop/direct/P2949,Ramsay-2098,Ramsay-2098
http://www.wikidata.org/entity/Q75897243,William de Ramsay,p38898.htm#i388973,1160-01-01T00:00:00Z,1230-01-01T00:00:00Z,,http://www.wikidata.org/prop/direct/P4638,http://www.wikidata.org/prop/direct/P4638,p38898.htm#i388973,p38898.htm#i388973
http://www.wikidata.org/entity/Q75897243,William de Ramsay,p38898.htm#i388973,1160-01-01T00:00:00Z,1230-01-01T00:00:00Z,,http://www.wikidata.org/prop/direct/P569,http://www.wikidata.org/prop/direct/P569,1160-01-01T00:00:00Z,1160-01-01T00:00:00Z
http://www.wikidata.org/entity/Q75897243,William de Ramsay,p38898.htm#i388973,1160-01-01T00:00:00Z,1230-01-01T00:00:00Z,,http://www.wikidata.org/prop/direct/P570,http://www.wikidata.org/prop/direct/P570,1230-01-01T00:00:00Z,1230-01-01T00:00:00Z
http://www.wikidata.org/entity/Q75897243,William de Ramsay,p38898.htm#i388973,1160-01-01T00:00:00Z,1230-01-01T00:00:00Z,,http://www.wikidata.org/prop/direct/P735,http://www.wikidata.org/prop/direct/P735,http://www.wikidata.org/entity/Q12344159,William
http://www.wikidata.org/entity/Q75897244,Sir William Ramsay de Dalwolsy,p38898.htm#i388974,1270-01-01T00:00:00Z,1325-01-01T00:00:00Z,,http://www.wikidata.org/prop/direct/P21,http://www.wikidata.org/prop/direct/P21,http://www.wikidata.org/entity/Q6581097,male
http://www.wikidata.org/entity/Q75897244,Sir William Ramsay de Dalwolsy,p38898.htm#i388974,1270-01-01T00:00:00Z,1325-01-01T00:00:00Z,,http://www.wikidata.org/prop/direct/P22,http://www.wikidata.org/prop/direct/P22,http://www.wikidata.org/entity/Q76012164,William de Ramsay
http://www.wikidata.org/entity/Q75897244,Sir William Ramsay de Dalwolsy,p38898.htm#i388974,1270-01-01T00:00:00Z,1325-01-01T00:00:00Z,,http://www.wikidata.org/prop/direct/P31,http://www.wikidata.org/prop/direct/P31,http://www.wikidata.org/entity/Q5,human
http://www.wikidata.org/entity/Q75897244,Sir William Ramsay de Dalwolsy,p38898.htm#i388974,1270-01-01T00:00:00Z,1325-01-01T00:00:00Z,,http://www.wikidata.org/prop/direct/P40,http://www.wikidata.org/prop/direct/P40,http://www.wikidata.org/entity/Q75897245,Sir Alexander Ramsay
http://www.wikidata.org/entity/Q75897244,Sir William Ramsay de Dalwolsy,p38898.htm#i388974,1270-01-01T00:00:00Z,1325-01-01T00:00:00Z,,http://www.wikidata.org/prop/direct/P40,http://www.wikidata.org/prop/direct/P40,http://www.wikidata.org/entity/Q75897247,Sir William Ramsay of Inverleith
http://www.wikidata.org/entity/Q75897244,Sir William Ramsay de Dalwolsy,p38898.htm#i388974,1270-01-01T00:00:00Z,1325-01-01T00:00:00Z,,http://www.wikidata.org/prop/direct/P2949,http://www.wikidata.org/prop/direct/P2949,Ramsay-2094,Ramsay-2094
http://www.wikidata.org/entity/Q75897244,Sir William Ramsay de Dalwolsy,p38898.htm#i388974,1270-01-01T00:00:00Z,1325-01-01T00:00:00Z,,http://www.wikidata.org/prop/direct/P4638,http://www.wikidata.org/prop/direct/P4638,p38898.htm#i388974,p38898.htm#i388974
http://www.wikidata.org/entity/Q75897244,Sir William Ramsay de Dalwolsy,p38898.htm#i388974,1270-01-01T00:00:00Z,1325-01-01T00:00:00Z,,http://www.wikidata.org/prop/direct/P511,http://www.wikidata.org/prop/direct/P511,http://www.wikidata.org/entity/Q209690,Sir
http://www.wikidata.org/entity/Q75897244,Sir William Ramsay de Dalwolsy,p38898.htm#i388974,1270-01-01T00:00:00Z,1325-01-01T00:00:00Z,,http://www.wikidata.org/prop/direct/P569,http://www.wikidata.org/prop/direct/P569,1270-01-01T00:00:00Z,1270-01-01T00:00:00Z
http://www.wikidata.org/entity/Q75897244,Sir William Ramsay de Dalwolsy,p38898.htm#i388974,1270-01-01T00:00:00Z,1325-01-01T00:00:00Z,,http://www.wikidata.org/prop/direct/P570,http://www.wikidata.org/prop/direct/P570,1325-01-01T00:00:00Z,1325-01-01T00:00:00Z
http://www.wikidata.org/entity/Q75897244,Sir William Ramsay de Dalwolsy,p38898.htm#i388974,1270-01-01T00:00:00Z,1325-01-01T00:00:00Z,,http://www.wikidata.org/prop/direct/P735,http://www.wikidata.org/prop/direct/P735,http://www.wikidata.org/entity/Q12344159,William
http://www.wikidata.org/entity/Q75897247,Sir William Ramsay of Inverleith,p38898.htm#i388976,,1357-01-01T00:00:00Z,,http://www.wikidata.org/prop/direct/P21,http://www.wikidata.org/prop/direct/P21,http://www.wikidata.org/entity/Q6581097,male
http://www.wikidata.org/entity/Q75897247,Sir William Ramsay of Inverleith,p38898.htm#i388976,,1357-01-01T00:00:00Z,,http://www.wikidata.org/prop/direct/P22,http://www.wikidata.org/prop/direct/P22,http://www.wikidata.org/entity/Q75897244,Sir William Ramsay de Dalwolsy
http://www.wikidata.org/entity/Q75897247,Sir William Ramsay of Inverleith,p38898.htm#i388976,,1357-01-01T00:00:00Z,,http://www.wikidata.org/prop/direct/P31,http://www.wikidata.org/prop/direct/P31,http://www.wikidata.org/entity/Q5,human
http://www.wikidata.org/entity/Q75897247,Sir William Ramsay of Inverleith,p38898.htm#i388976,,1357-01-01T00:00:00Z,,http://www.wikidata.org/prop/direct/P40,http://www.wikidata.org/prop/direct/P40,http://www.wikidata.org/entity/Q75897249,Sir Patrick Ramsay of Dalhousie
http://www.wikidata.org/entity/Q75897247,Sir William Ramsay of Inverleith,p38898.htm#i388976,,1357-01-01T00:00:00Z,,http://www.wikidata.org/prop/direct/P40,http://www.wikidata.org/prop/direct/P40,http://www.wikidata.org/entity/Q75972260,Sir William Ramsay of Inverleith
http://www.wikidata.org/entity/Q75897247,Sir William Ramsay of Inverleith,p38898.htm#i388976,,1357-01-01T00:00:00Z,,http://www.wikidata.org/prop/direct/P2949,http://www.wikidata.org/prop/direct/P2949,Ramsay-652,Ramsay-652
http://www.wikidata.org/entity/Q75897247,Sir William Ramsay of Inverleith,p38898.htm#i388976,,1357-01-01T00:00:00Z,,http://www.wikidata.org/prop/direct/P4638,http://www.wikidata.org/prop/direct/P4638,p38898.htm#i388976,p38898.htm#i388976
http://www.wikidata.org/entity/Q75897247,Sir William Ramsay of Inverleith,p38898.htm#i388976,,1357-01-01T00:00:00Z,,http://www.wikidata.org/prop/direct/P511,http://www.wikidata.org/prop/direct/P511,http://www.wikidata.org/entity/Q209690,Sir
http://www.wikidata.org/entity/Q75897247,Sir William Ramsay of Inverleith,p38898.htm#i388976,,1357-01-01T00:00:00Z,,http://www.wikidata.org/prop/direct/P570,http://www.wikidata.org/prop/direct/P570,1357-01-01T00:00:00Z,1357-01-01T00:00:00Z
http://www.wikidata.org/entity/Q75897247,Sir William Ramsay of Inverleith,p38898.htm#i388976,,1357-01-01T00:00:00Z,,http://www.wikidata.org/prop/direct/P607,http://www.wikidata.org/prop/direct/P607,http://www.wikidata.org/entity/Q4871877,Battle of Nesbit Moor
http://www.wikidata.org/entity/Q75897247,Sir William Ramsay of Inverleith,p38898.htm#i388976,,1357-01-01T00:00:00Z,,http://www.wikidata.org/prop/direct/P735,http://www.wikidata.org/prop/direct/P735,http://www.wikidata.org/entity/Q12344159,William
http://www.wikidata.org/entity/Q75897249,Sir Patrick Ramsay of Dalhousie,p38898.htm#i388977,1315-01-01T00:00:00Z,1377-01-01T00:00:00Z,,http://www.wikidata.org/prop/direct/P21,http://www.wikidata.org/prop/direct/P21,http://www.wikidata.org/entity/Q6581097,male
http://www.wikidata.org/entity/Q75897249,Sir Patrick Ramsay of Dalhousie,p38898.htm#i388977,1315-01-01T00:00:00Z,1377-01-01T00:00:00Z,,http://www.wikidata.org/prop/direct/P22,http://www.wikidata.org/prop/direct/P22,http://www.wikidata.org/entity/Q75897247,Sir William Ramsay of Inverleith
http://www.wikidata.org/entity/Q75897249,Sir Patrick Ramsay of Dalhousie,p38898.htm#i388977,1315-01-01T00:00:00Z,1377-01-01T00:00:00Z,,http://www.wikidata.org/prop/direct/P31,http://www.wikidata.org/prop/direct/P31,http://www.wikidata.org/entity/Q5,human
http://www.wikidata.org/entity/Q75897249,Sir Patrick Ramsay of Dalhousie,p38898.htm#i388977,1315-01-01T00:00:00Z,1377-01-01T00:00:00Z,,http://www.wikidata.org/prop/direct/P40,http://www.wikidata.org/prop/direct/P40,http://www.wikidata.org/entity/Q75972249,Alexander Ramsay of Carnock
http://www.wikidata.org/entity/Q75897249,Sir Patrick Ramsay of Dalhousie,p38898.htm#i388977,1315-01-01T00:00:00Z,1377-01-01T00:00:00Z,,http://www.wikidata.org/prop/direct/P2949,http://www.wikidata.org/prop/direct/P2949,Ramsay-1393,Ramsay-1393
http://www.wikidata.org/entity/Q75897249,Sir Patrick Ramsay of Dalhousie,p38898.htm#i388977,1315-01-01T00:00:00Z,1377-01-01T00:00:00Z,,http://www.wikidata.org/prop/direct/P4638,http://www.wikidata.org/prop/direct/P4638,p38898.htm#i388977,p38898.htm#i388977
http://www.wikidata.org/entity/Q75897249,Sir Patrick Ramsay of Dalhousie,p38898.htm#i388977,1315-01-01T00:00:00Z,1377-01-01T00:00:00Z,,http://www.wikidata.org/prop/direct/P511,http://www.wikidata.org/prop/direct/P511,http://www.wikidata.org/entity/Q209690,Sir
http://www.wikidata.org/entity/Q75897249,Sir Patrick Ramsay of Dalhousie,p38898.htm#i388977,1315-01-01T00:00:00Z,1377-01-01T00:00:00Z,,http://www.wikidata.org/prop/direct/P569,http://www.wikidata.org/prop/direct/P569,1315-01-01T00:00:00Z,1315-01-01T00:00:00Z
http://www.wikidata.org/entity/Q75897249,Sir Patrick Ramsay of Dalhousie,p38898.htm#i388977,1315-01-01T00:00:00Z,1377-01-01T00:00:00Z,,http://www.wikidata.org/prop/direct/P570,http://www.wikidata.org/prop/direct/P570,1377-01-01T00:00:00Z,1377-01-01T00:00:00Z
http://www.wikidata.org/entity/Q75897249,Sir Patrick Ramsay of Dalhousie,p38898.htm#i388977,1315-01-01T00:00:00Z,1377-01-01T00:00:00Z,,http://www.wikidata.org/prop/direct/P734,http://www.wikidata.org/prop/direct/P734,http://www.wikidata.org/entity/Q16881845,Ramsay
http://www.wikidata.org/entity/Q75897249,Sir Patrick Ramsay of Dalhousie,p38898.htm#i388977,1315-01-01T00:00:00Z,1377-01-01T00:00:00Z,,http://www.wikidata.org/prop/direct/P735,http://www.wikidata.org/prop/direct/P735,http://www.wikidata.org/entity/Q18002623,Patrick
http://www.wikidata.org/entity/Q75897260,Sir Thomas Delaware,p38899.htm#i388986,1427-01-01T00:00:00Z,1490-01-01T00:00:00Z,,http://www.wikidata.org/prop/direct/P21,http://www.wikidata.org/prop/direct/P21,http://www.wikidata.org/entity/Q6581097,male
http://www.wikidata.org/entity/Q75897260,Sir Thomas Delaware,p38899.htm#i388986,1427-01-01T00:00:00Z,1490-01-01T00:00:00Z,,http://www.wikidata.org/prop/direct/P22,http://www.wikidata.org/prop/direct/P22,http://www.wikidata.org/entity/Q116028988,John Delamare (Delamore)
http://www.wikidata.org/entity/Q75897260,Sir Thomas Delaware,p38899.htm#i388986,1427-01-01T00:00:00Z,1490-01-01T00:00:00Z,,http://www.wikidata.org/prop/direct/P25,http://www.wikidata.org/prop/direct/P25,http://www.wikidata.org/entity/Q116028989,Avise Penrise
http://www.wikidata.org/entity/Q75897260,Sir Thomas Delaware,p38899.htm#i388986,1427-01-01T00:00:00Z,1490-01-01T00:00:00Z,,http://www.wikidata.org/prop/direct/P31,http://www.wikidata.org/prop/direct/P31,http://www.wikidata.org/entity/Q5,human
http://www.wikidata.org/entity/Q75897260,Sir Thomas Delaware,p38899.htm#i388986,1427-01-01T00:00:00Z,1490-01-01T00:00:00Z,,http://www.wikidata.org/prop/direct/P40,http://www.wikidata.org/prop/direct/P40,http://www.wikidata.org/entity/Q75897241,Alice Delaware
http://www.wikidata.org/entity/Q75897260,Sir Thomas Delaware,p38899.htm#i388986,1427-01-01T00:00:00Z,1490-01-01T00:00:00Z,,http://www.wikidata.org/prop/direct/P1819,http://www.wikidata.org/prop/direct/P1819,I00697772,I00697772
http://www.wikidata.org/entity/Q75897260,Sir Thomas Delaware,p38899.htm#i388986,1427-01-01T00:00:00Z,1490-01-01T00:00:00Z,,http://www.wikidata.org/prop/direct/P2949,http://www.wikidata.org/prop/direct/P2949,De_la_Mare-88,De_la_Mare-88
http://www.wikidata.org/entity/Q75897260,Sir Thomas Delaware,p38899.htm#i388986,1427-01-01T00:00:00Z,1490-01-01T00:00:00Z,,http://www.wikidata.org/prop/direct/P4638,http://www.wikidata.org/prop/direct/P4638,p38899.htm#i388986,p38899.htm#i388986
http://www.wikidata.org/entity/Q75897260,Sir Thomas Delaware,p38899.htm#i388986,1427-01-01T00:00:00Z,1490-01-01T00:00:00Z,,http://www.wikidata.org/prop/direct/P511,http://www.wikidata.org/prop/direct/P511,http://www.wikidata.org/entity/Q209690,Sir
http://www.wikidata.org/entity/Q75897260,Sir Thomas Delaware,p38899.htm#i388986,1427-01-01T00:00:00Z,1490-01-01T00:00:00Z,,http://www.wikidata.org/prop/direct/P569,http://www.wikidata.org/prop/direct/P569,1427-01-01T00:00:00Z,1427-01-01T00:00:00Z
http://www.wikidata.org/entity/Q75897260,Sir Thomas Delaware,p38899.htm#i388986,1427-01-01T00:00:00Z,1490-01-01T00:00:00Z,,http://www.wikidata.org/prop/direct/P570,http://www.wikidata.org/prop/direct/P570,1490-01-01T00:00:00Z,1490-01-01T00:00:00Z
http://www.wikidata.org/entity/Q75897260,Sir Thomas Delaware,p38899.htm#i388986,1427-01-01T00:00:00Z,1490-01-01T00:00:00Z,,http://www.wikidata.org/prop/direct/P735,http://www.wikidata.org/prop/direct/P735,http://www.wikidata.org/entity/Q16428906,Thomas
http://www.wikidata.org/entity/Q75897266,Sir Nicholas Dabridgecourt,p38900.htm#i388991,1449-01-01T00:00:00Z,,,http://www.wikidata.org/prop/direct/P21,http://www.wikidata.org/prop/direct/P21,http://www.wikidata.org/entity/Q6581097,male
http://www.wikidata.org/entity/Q75897266,Sir Nicholas Dabridgecourt,p38900.htm#i388991,1449-01-01T00:00:00Z,,,http://www.wikidata.org/prop/direct/P22,http://www.wikidata.org/prop/direct/P22,http://www.wikidata.org/entity/Q75897269,John Dabridgecourt
http://www.wikidata.org/entity/Q75897266,Sir Nicholas Dabridgecourt,p38900.htm#i388991,1449-01-01T00:00:00Z,,,http://www.wikidata.org/prop/direct/P31,http://www.wikidata.org/prop/direct/P31,http://www.wikidata.org/entity/Q5,human
http://www.wikidata.org/entity/Q75897266,Sir Nicholas Dabridgecourt,p38900.htm#i388991,1449-01-01T00:00:00Z,,,http://www.wikidata.org/prop/direct/P40,http://www.wikidata.org/prop/direct/P40,http://www.wikidata.org/entity/Q75897240,Sir Thomas Dabridgecourt
http://www.wikidata.org/entity/Q75897266,Sir Nicholas Dabridgecourt,p38900.htm#i388991,1449-01-01T00:00:00Z,,,http://www.wikidata.org/prop/direct/P2949,http://www.wikidata.org/prop/direct/P2949,Dabridgecourt-7,Dabridgecourt-7
http://www.wikidata.org/entity/Q75897266,Sir Nicholas Dabridgecourt,p38900.htm#i388991,1449-01-01T00:00:00Z,,,http://www.wikidata.org/prop/direct/P4638,http://www.wikidata.org/prop/direct/P4638,p38900.htm#i388991,p38900.htm#i388991
http://www.wikidata.org/entity/Q75897266,Sir Nicholas Dabridgecourt,p38900.htm#i388991,1449-01-01T00:00:00Z,,,http://www.wikidata.org/prop/direct/P511,http://www.wikidata.org/prop/direct/P511,http://www.wikidata.org/entity/Q209690,Sir
http://www.wikidata.org/entity/Q75897266,Sir Nicholas Dabridgecourt,p38900.htm#i388991,1449-01-01T00:00:00Z,,,http://www.wikidata.org/prop/direct/P569,http://www.wikidata.org/prop/direct/P569,1449-01-01T00:00:00Z,1449-01-01T00:00:00Z
http://www.wikidata.org/entity/Q75897266,Sir Nicholas Dabridgecourt,p38900.htm#i388991,1449-01-01T00:00:00Z,,,http://www.wikidata.org/prop/direct/P734,http://www.wikidata.org/prop/direct/P734,http://www.wikidata.org/entity/Q112590594,Q112590594
http://www.wikidata.org/entity/Q75898378,Jane Newton,p38979.htm#i389784,1495-01-01T00:00:00Z,,,http://www.wikidata.org/prop/direct/P21,http://www.wikidata.org/prop/direct/P21,http://www.wikidata.org/entity/Q6581072,female
http://www.wikidata.org/entity/Q75898378,Jane Newton,p38979.htm#i389784,1495-01-01T00:00:00Z,,,http://www.wikidata.org/prop/direct/P22,http://www.wikidata.org/prop/direct/P22,http://www.wikidata.org/entity/Q76186100,Richard Newton
http://www.wikidata.org/entity/Q75898378,Jane Newton,p38979.htm#i389784,1495-01-01T00:00:00Z,,,http://www.wikidata.org/prop/direct/P25,http://www.wikidata.org/prop/direct/P25,http://www.wikidata.org/entity/Q111425190,Elizabeth St.John
http://www.wikidata.org/entity/Q75898378,Jane Newton,p38979.htm#i389784,1495-01-01T00:00:00Z,,,http://www.wikidata.org/prop/direct/P26,http://www.wikidata.org/prop/direct/P26,http://www.wikidata.org/entity/Q75822739,Thomas Griffin
http://www.wikidata.org/entity/Q75898378,Jane Newton,p38979.htm#i389784,1495-01-01T00:00:00Z,,,http://www.wikidata.org/prop/direct/P31,http://www.wikidata.org/prop/direct/P31,http://www.wikidata.org/entity/Q5,human
http://www.wikidata.org/entity/Q75898378,Jane Newton,p38979.htm#i389784,1495-01-01T00:00:00Z,,,http://www.wikidata.org/prop/direct/P40,http://www.wikidata.org/prop/direct/P40,http://www.wikidata.org/entity/Q116145513,Bridget Griffin
http://www.wikidata.org/entity/Q75898378,Jane Newton,p38979.htm#i389784,1495-01-01T00:00:00Z,,,http://www.wikidata.org/prop/direct/P40,http://www.wikidata.org/prop/direct/P40,http://www.wikidata.org/entity/Q76084909,Rice Griffin
http://www.wikidata.org/entity/Q75898378,Jane Newton,p38979.htm#i389784,1495-01-01T00:00:00Z,,,http://www.wikidata.org/prop/direct/P1819,http://www.wikidata.org/prop/direct/P1819,I00429760,I00429760
http://www.wikidata.org/entity/Q75898378,Jane Newton,p38979.htm#i389784,1495-01-01T00:00:00Z,,,http://www.wikidata.org/prop/direct/P2949,http://www.wikidata.org/prop/direct/P2949,Newton-10561,Newton-10561
http://www.wikidata.org/entity/Q75898378,Jane Newton,p38979.htm#i389784,1495-01-01T00:00:00Z,,,http://www.wikidata.org/prop/direct/P4638,http://www.wikidata.org/prop/direct/P4638,p38979.htm#i389784,p38979.htm#i389784
http://www.wikidata.org/entity/Q75898378,Jane Newton,p38979.htm#i389784,1495-01-01T00:00:00Z,,,http://www.wikidata.org/prop/direct/P569,http://www.wikidata.org/prop/direct/P569,1495-01-01T00:00:00Z,1495-01-01T00:00:00Z
http://www.wikidata.org/entity/Q75898378,Jane Newton,p38979.htm#i389784,1495-01-01T00:00:00Z,,,http://www.wikidata.org/prop/direct/P734,http://www.wikidata.org/prop/direct/P734,http://www.wikidata.org/entity/Q1469854,Newton
http://www.wikidata.org/entity/Q75898378,Jane Newton,p38979.htm#i389784,1495-01-01T00:00:00Z,,,http://www.wikidata.org/prop/direct/P735,http://www.wikidata.org/prop/direct/P735,http://www.wikidata.org/entity/Q1682564,Jane
http://www.wikidata.org/entity/Q75900003,Hugh de Venables,p41267.htm#i412667,1298-01-01T00:00:00Z,1367-10-22T00:00:00Z,,http://www.wikidata.org/prop/direct/P21,http://www.wikidata.org/prop/direct/P21,http://www.wikidata.org/entity/Q6581097,male
http://www.wikidata.org/entity/Q75900003,Hugh de Venables,p39088.htm#i390880,1298-01-01T00:00:00Z,1367-10-22T00:00:00Z,,http://www.wikidata.org/prop/direct/P21,http://www.wikidata.org/prop/direct/P21,http://www.wikidata.org/entity/Q6581097,male
http://www.wikidata.org/entity/Q75900003,Hugh de Venables,p41267.htm#i412667,1298-01-01T00:00:00Z,1367-10-22T00:00:00Z,,http://www.wikidata.org/prop/direct/P22,http://www.wikidata.org/prop/direct/P22,http://www.wikidata.org/entity/Q75926239,Hugh de Venables
http://www.wikidata.org/entity/Q75900003,Hugh de Venables,p39088.htm#i390880,1298-01-01T00:00:00Z,1367-10-22T00:00:00Z,,http://www.wikidata.org/prop/direct/P22,http://www.wikidata.org/prop/direct/P22,http://www.wikidata.org/entity/Q75926239,Hugh de Venables
http://www.wikidata.org/entity/Q75900003,Hugh de Venables,p41267.htm#i412667,1298-01-01T00:00:00Z,1367-10-22T00:00:00Z,,http://www.wikidata.org/prop/direct/P25,http://www.wikidata.org/prop/direct/P25,http://www.wikidata.org/entity/Q75926249,Agatha de Vernon
http://www.wikidata.org/entity/Q75900003,Hugh de Venables,p39088.htm#i390880,1298-01-01T00:00:00Z,1367-10-22T00:00:00Z,,http://www.wikidata.org/prop/direct/P25,http://www.wikidata.org/prop/direct/P25,http://www.wikidata.org/entity/Q75926249,Agatha de Vernon
http://www.wikidata.org/entity/Q75900003,Hugh de Venables,p41267.htm#i412667,1298-01-01T00:00:00Z,1367-10-22T00:00:00Z,,http://www.wikidata.org/prop/direct/P26,http://www.wikidata.org/prop/direct/P26,http://www.wikidata.org/entity/Q75900004,Katherine de Houghton
http://www.wikidata.org/entity/Q75900003,Hugh de Venables,p39088.htm#i390880,1298-01-01T00:00:00Z,1367-10-22T00:00:00Z,,http://www.wikidata.org/prop/direct/P26,http://www.wikidata.org/prop/direct/P26,http://www.wikidata.org/entity/Q75900004,Katherine de Houghton
http://www.wikidata.org/entity/Q75900003,Hugh de Venables,p41267.htm#i412667,1298-01-01T00:00:00Z,1367-10-22T00:00:00Z,,http://www.wikidata.org/prop/direct/P31,http://www.wikidata.org/prop/direct/P31,http://www.wikidata.org/entity/Q5,human
http://www.wikidata.org/entity/Q75900003,Hugh de Venables,p39088.htm#i390880,1298-01-01T00:00:00Z,1367-10-22T00:00:00Z,,http://www.wikidata.org/prop/direct/P31,http://www.wikidata.org/prop/direct/P31,http://www.wikidata.org/entity/Q5,human
http://www.wikidata.org/entity/Q75900003,Hugh de Venables,p41267.htm#i412667,1298-01-01T00:00:00Z,1367-10-22T00:00:00Z,,http://www.wikidata.org/prop/direct/P40,http://www.wikidata.org/prop/direct/P40,http://www.wikidata.org/entity/Q105872776,"Richard Venables, of Bollin"
http://www.wikidata.org/entity/Q75900003,Hugh de Venables,p39088.htm#i390880,1298-01-01T00:00:00Z,1367-10-22T00:00:00Z,,http://www.wikidata.org/prop/direct/P40,http://www.wikidata.org/prop/direct/P40,http://www.wikidata.org/entity/Q105872776,"Richard Venables, of Bollin"
http://www.wikidata.org/entity/Q75900003,Hugh de Venables,p41267.htm#i412667,1298-01-01T00:00:00Z,1367-10-22T00:00:00Z,,http://www.wikidata.org/prop/direct/P40,http://www.wikidata.org/prop/direct/P40,http://www.wikidata.org/entity/Q75558081,Hugh de Venables
http://www.wikidata.org/entity/Q75900003,Hugh de Venables,p39088.htm#i390880,1298-01-01T00:00:00Z,1367-10-22T00:00:00Z,,http://www.wikidata.org/prop/direct/P40,http://www.wikidata.org/prop/direct/P40,http://www.wikidata.org/entity/Q75558081,Hugh de Venables
http://www.wikidata.org/entity/Q75900003,Hugh de Venables,p41267.htm#i412667,1298-01-01T00:00:00Z,1367-10-22T00:00:00Z,,http://www.wikidata.org/prop/direct/P40,http://www.wikidata.org/prop/direct/P40,http://www.wikidata.org/entity/Q75934279,Joan Venables
http://www.wikidata.org/entity/Q75900003,Hugh de Venables,p39088.htm#i390880,1298-01-01T00:00:00Z,1367-10-22T00:00:00Z,,http://www.wikidata.org/prop/direct/P40,http://www.wikidata.org/prop/direct/P40,http://www.wikidata.org/entity/Q75934279,Joan Venables
http://www.wikidata.org/entity/Q75900003,Hugh de Venables,p41267.htm#i412667,1298-01-01T00:00:00Z,1367-10-22T00:00:00Z,,http://www.wikidata.org/prop/direct/P1819,http://www.wikidata.org/prop/direct/P1819,I00384745,I00384745
http://www.wikidata.org/entity/Q75900003,Hugh de Venables,p39088.htm#i390880,1298-01-01T00:00:00Z,1367-10-22T00:00:00Z,,http://www.wikidata.org/prop/direct/P1819,http://www.wikidata.org/prop/direct/P1819,I00384745,I00384745
http://www.wikidata.org/entity/Q75900003,Hugh de Venables,p41267.htm#i412667,1298-01-01T00:00:00Z,1367-10-22T00:00:00Z,,http://www.wikidata.org/prop/direct/P2949,http://www.wikidata.org/prop/direct/P2949,Venables-86,Venables-86
http://www.wikidata.org/entity/Q75900003,Hugh de Venables,p39088.htm#i390880,1298-01-01T00:00:00Z,1367-10-22T00:00:00Z,,http://www.wikidata.org/prop/direct/P2949,http://www.wikidata.org/prop/direct/P2949,Venables-86,Venables-86
http://www.wikidata.org/entity/Q75900003,Hugh de Venables,p41267.htm#i412667,1298-01-01T00:00:00Z,1367-10-22T00:00:00Z,,http://www.wikidata.org/prop/direct/P4638,http://www.wikidata.org/prop/direct/P4638,p39088.htm#i390880,p39088.htm#i390880
http://www.wikidata.org/entity/Q75900003,Hugh de Venables,p39088.htm#i390880,1298-01-01T00:00:00Z,1367-10-22T00:00:00Z,,http://www.wikidata.org/prop/direct/P4638,http://www.wikidata.org/prop/direct/P4638,p39088.htm#i390880,p39088.htm#i390880
http://www.wikidata.org/entity/Q75900003,Hugh de Venables,p41267.htm#i412667,1298-01-01T00:00:00Z,1367-10-22T00:00:00Z,,http://www.wikidata.org/prop/direct/P4638,http://www.wikidata.org/prop/direct/P4638,p41267.htm#i412667,p41267.htm#i412667
http://www.wikidata.org/entity/Q75900003,Hugh de Venables,p39088.htm#i390880,1298-01-01T00:00:00Z,1367-10-22T00:00:00Z,,http://www.wikidata.org/prop/direct/P4638,http://www.wikidata.org/prop/direct/P4638,p41267.htm#i412667,p41267.htm#i412667
http://www.wikidata.org/entity/Q75900003,Hugh de Venables,p41267.htm#i412667,1298-01-01T00:00:00Z,1367-10-22T00:00:00Z,,http://www.wikidata.org/prop/direct/P511,http://www.wikidata.org/prop/direct/P511,http://www.wikidata.org/entity/Q209690,Sir
http://www.wikidata.org/entity/Q75900003,Hugh de Venables,p39088.htm#i390880,1298-01-01T00:00:00Z,1367-10-22T00:00:00Z,,http://www.wikidata.org/prop/direct/P511,http://www.wikidata.org/prop/direct/P511,http://www.wikidata.org/entity/Q209690,Sir
http://www.wikidata.org/entity/Q75900003,Hugh de Venables,p41267.htm#i412667,1298-01-01T00:00:00Z,1367-10-22T00:00:00Z,,http://www.wikidata.org/prop/direct/P569,http://www.wikidata.org/prop/direct/P569,1298-01-01T00:00:00Z,1298-01-01T00:00:00Z
http://www.wikidata.org/entity/Q75900003,Hugh de Venables,p39088.htm#i390880,1298-01-01T00:00:00Z,1367-10-22T00:00:00Z,,http://www.wikidata.org/prop/direct/P569,http://www.wikidata.org/prop/direct/P569,1298-01-01T00:00:00Z,1298-01-01T00:00:00Z
http://www.wikidata.org/entity/Q75900003,Hugh de Venables,p41267.htm#i412667,1298-01-01T00:00:00Z,1367-10-22T00:00:00Z,,http://www.wikidata.org/prop/direct/P570,http://www.wikidata.org/prop/direct/P570,1367-10-22T00:00:00Z,1367-10-22T00:00:00Z
http://www.wikidata.org/entity/Q75900003,Hugh de Venables,p39088.htm#i390880,1298-01-01T00:00:00Z,1367-10-22T00:00:00Z,,http://www.wikidata.org/prop/direct/P570,http://www.wikidata.org/prop/direct/P570,1367-10-22T00:00:00Z,1367-10-22T00:00:00Z
http://www.wikidata.org/entity/Q75900003,Hugh de Venables,p41267.htm#i412667,1298-01-01T00:00:00Z,1367-10-22T00:00:00Z,,http://www.wikidata.org/prop/direct/P735,http://www.wikidata.org/prop/direct/P735,http://www.wikidata.org/entity/Q839387,Hugh
http://www.wikidata.org/entity/Q75900003,Hugh de Venables,p39088.htm#i390880,1298-01-01T00:00:00Z,1367-10-22T00:00:00Z,,http://www.wikidata.org/prop/direct/P735,http://www.wikidata.org/prop/direct/P735,http://www.wikidata.org/entity/Q839387,Hugh
http://www.wikidata.org/entity/Q75900004,Katherine de Houghton,p41267.htm#i412668,1310-01-01T00:00:00Z,1368-01-01T00:00:00Z,,http://www.wikidata.org/prop/direct/P21,http://www.wikidata.org/prop/direct/P21,http://www.wikidata.org/entity/Q6581072,female
http://www.wikidata.org/entity/Q75900004,Katherine de Houghton,p39089.htm#i390881,1310-01-01T00:00:00Z,1368-01-01T00:00:00Z,,http://www.wikidata.org/prop/direct/P21,http://www.wikidata.org/prop/direct/P21,http://www.wikidata.org/entity/Q6581072,female
http://www.wikidata.org/entity/Q75900004,Katherine de Houghton,p41267.htm#i412668,1310-01-01T00:00:00Z,1368-01-01T00:00:00Z,,http://www.wikidata.org/prop/direct/P22,http://www.wikidata.org/prop/direct/P22,http://www.wikidata.org/entity/Q75823154,Sir Richard de Hoghton
http://www.wikidata.org/entity/Q75900004,Katherine de Houghton,p39089.htm#i390881,1310-01-01T00:00:00Z,1368-01-01T00:00:00Z,,http://www.wikidata.org/prop/direct/P22,http://www.wikidata.org/prop/direct/P22,http://www.wikidata.org/entity/Q75823154,Sir Richard de Hoghton
http://www.wikidata.org/entity/Q75900004,Katherine de Houghton,p41267.htm#i412668,1310-01-01T00:00:00Z,1368-01-01T00:00:00Z,,http://www.wikidata.org/prop/direct/P25,http://www.wikidata.org/prop/direct/P25,http://www.wikidata.org/entity/Q75823156,Sibilla de Lea
http://www.wikidata.org/entity/Q75900004,Katherine de Houghton,p39089.htm#i390881,1310-01-01T00:00:00Z,1368-01-01T00:00:00Z,,http://www.wikidata.org/prop/direct/P25,http://www.wikidata.org/prop/direct/P25,http://www.wikidata.org/entity/Q75823156,Sibilla de Lea
http://www.wikidata.org/entity/Q75900004,Katherine de Houghton,p41267.htm#i412668,1310-01-01T00:00:00Z,1368-01-01T00:00:00Z,,http://www.wikidata.org/prop/direct/P26,http://www.wikidata.org/prop/direct/P26,http://www.wikidata.org/entity/Q75900003,Hugh de Venables
http://www.wikidata.org/entity/Q75900004,Katherine de Houghton,p39089.htm#i390881,1310-01-01T00:00:00Z,1368-01-01T00:00:00Z,,http://www.wikidata.org/prop/direct/P26,http://www.wikidata.org/prop/direct/P26,http://www.wikidata.org/entity/Q75900003,Hugh de Venables
http://www.wikidata.org/entity/Q75900004,Katherine de Houghton,p41267.htm#i412668,1310-01-01T00:00:00Z,1368-01-01T00:00:00Z,,http://www.wikidata.org/prop/direct/P31,http://www.wikidata.org/prop/direct/P31,http://www.wikidata.org/entity/Q5,human
http://www.wikidata.org/entity/Q75900004,Katherine de Houghton,p39089.htm#i390881,1310-01-01T00:00:00Z,1368-01-01T00:00:00Z,,http://www.wikidata.org/prop/direct/P31,http://www.wikidata.org/prop/direct/P31,http://www.wikidata.org/entity/Q5,human
http://www.wikidata.org/entity/Q75900004,Katherine de Houghton,p41267.htm#i412668,1310-01-01T00:00:00Z,1368-01-01T00:00:00Z,,http://www.wikidata.org/prop/direct/P40,http://www.wikidata.org/prop/direct/P40,http://www.wikidata.org/entity/Q105872776,"Richard Venables, of Bollin"
http://www.wikidata.org/entity/Q75900004,Katherine de Houghton,p39089.htm#i390881,1310-01-01T00:00:00Z,1368-01-01T00:00:00Z,,http://www.wikidata.org/prop/direct/P40,http://www.wikidata.org/prop/direct/P40,http://www.wikidata.org/entity/Q105872776,"Richard Venables, of Bollin"
http://www.wikidata.org/entity/Q75900004,Katherine de Houghton,p41267.htm#i412668,1310-01-01T00:00:00Z,1368-01-01T00:00:00Z,,http://www.wikidata.org/prop/direct/P40,http://www.wikidata.org/prop/direct/P40,http://www.wikidata.org/entity/Q75558081,Hugh de Venables
http://www.wikidata.org/entity/Q75900004,Katherine de Houghton,p39089.htm#i390881,1310-01-01T00:00:00Z,1368-01-01T00:00:00Z,,http://www.wikidata.org/prop/direct/P40,http://www.wikidata.org/prop/direct/P40,http://www.wikidata.org/entity/Q75558081,Hugh de Venables
http://www.wikidata.org/entity/Q75900004,Katherine de Houghton,p41267.htm#i412668,1310-01-01T00:00:00Z,1368-01-01T00:00:00Z,,http://www.wikidata.org/prop/direct/P40,http://www.wikidata.org/prop/direct/P40,http://www.wikidata.org/entity/Q75934279,Joan Venables
http://www.wikidata.org/entity/Q75900004,Katherine de Houghton,p39089.htm#i390881,1310-01-01T00:00:00Z,1368-01-01T00:00:00Z,,http://www.wikidata.org/prop/direct/P40,http://www.wikidata.org/prop/direct/P40,http://www.wikidata.org/entity/Q75934279,Joan Venables
http://www.wikidata.org/entity/Q75900004,Katherine de Houghton,p41267.htm#i412668,1310-01-01T00:00:00Z,1368-01-01T00:00:00Z,,http://www.wikidata.org/prop/direct/P1819,http://www.wikidata.org/prop/direct/P1819,I00384746,I00384746
http://www.wikidata.org/entity/Q75900004,Katherine de Houghton,p39089.htm#i390881,1310-01-01T00:00:00Z,1368-01-01T00:00:00Z,,http://www.wikidata.org/prop/direct/P1819,http://www.wikidata.org/prop/direct/P1819,I00384746,I00384746
http://www.wikidata.org/entity/Q75900004,Katherine de Houghton,p41267.htm#i412668,1310-01-01T00:00:00Z,1368-01-01T00:00:00Z,,http://www.wikidata.org/prop/direct/P2949,http://www.wikidata.org/prop/direct/P2949,Houghton-699,Houghton-699
http://www.wikidata.org/entity/Q75900004,Katherine de Houghton,p39089.htm#i390881,1310-01-01T00:00:00Z,1368-01-01T00:00:00Z,,http://www.wikidata.org/prop/direct/P2949,http://www.wikidata.org/prop/direct/P2949,Houghton-699,Houghton-699
http://www.wikidata.org/entity/Q75900004,Katherine de Houghton,p41267.htm#i412668,1310-01-01T00:00:00Z,1368-01-01T00:00:00Z,,http://www.wikidata.org/prop/direct/P4638,http://www.wikidata.org/prop/direct/P4638,p39089.htm#i390881,p39089.htm#i390881
http://www.wikidata.org/entity/Q75900004,Katherine de Houghton,p39089.htm#i390881,1310-01-01T00:00:00Z,1368-01-01T00:00:00Z,,http://www.wikidata.org/prop/direct/P4638,http://www.wikidata.org/prop/direct/P4638,p39089.htm#i390881,p39089.htm#i390881
http://www.wikidata.org/entity/Q75900004,Katherine de Houghton,p41267.htm#i412668,1310-01-01T00:00:00Z,1368-01-01T00:00:00Z,,http://www.wikidata.org/prop/direct/P4638,http://www.wikidata.org/prop/direct/P4638,p41267.htm#i412668,p41267.htm#i412668
http://www.wikidata.org/entity/Q75900004,Katherine de Houghton,p39089.htm#i390881,1310-01-01T00:00:00Z,1368-01-01T00:00:00Z,,http://www.wikidata.org/prop/direct/P4638,http://www.wikidata.org/prop/direct/P4638,p41267.htm#i412668,p41267.htm#i412668
http://www.wikidata.org/entity/Q75900004,Katherine de Houghton,p41267.htm#i412668,1310-01-01T00:00:00Z,1368-01-01T00:00:00Z,,http://www.wikidata.org/prop/direct/P569,http://www.wikidata.org/prop/direct/P569,1310-01-01T00:00:00Z,1310-01-01T00:00:00Z
http://www.wikidata.org/entity/Q75900004,Katherine de Houghton,p39089.htm#i390881,1310-01-01T00:00:00Z,1368-01-01T00:00:00Z,,http://www.wikidata.org/prop/direct/P569,http://www.wikidata.org/prop/direct/P569,1310-01-01T00:00:00Z,1310-01-01T00:00:00Z
http://www.wikidata.org/entity/Q75900004,Katherine de Houghton,p41267.htm#i412668,1310-01-01T00:00:00Z,1368-01-01T00:00:00Z,,http://www.wikidata.org/prop/direct/P570,http://www.wikidata.org/prop/direct/P570,1368-01-01T00:00:00Z,1368-01-01T00:00:00Z
http://www.wikidata.org/entity/Q75900004,Katherine de Houghton,p39089.htm#i390881,1310-01-01T00:00:00Z,1368-01-01T00:00:00Z,,http://www.wikidata.org/prop/direct/P570,http://www.wikidata.org/prop/direct/P570,1368-01-01T00:00:00Z,1368-01-01T00:00:00Z
http://www.wikidata.org/entity/Q75900004,Katherine de Houghton,p41267.htm#i412668,1310-01-01T00:00:00Z,1368-01-01T00:00:00Z,,http://www.wikidata.org/prop/direct/P734,http://www.wikidata.org/prop/direct/P734,http://www.wikidata.org/entity/Q16870900,Houghton
http://www.wikidata.org/entity/Q75900004,Katherine de Houghton,p39089.htm#i390881,1310-01-01T00:00:00Z,1368-01-01T00:00:00Z,,http://www.wikidata.org/prop/direct/P734,http://www.wikidata.org/prop/direct/P734,http://www.wikidata.org/entity/Q16870900,Houghton
http://www.wikidata.org/entity/Q75900004,Katherine de Houghton,p41267.htm#i412668,1310-01-01T00:00:00Z,1368-01-01T00:00:00Z,,http://www.wikidata.org/prop/direct/P735,http://www.wikidata.org/prop/direct/P735,http://www.wikidata.org/entity/Q108631,Katherine
http://www.wikidata.org/entity/Q75900004,Katherine de Houghton,p39089.htm#i390881,1310-01-01T00:00:00Z,1368-01-01T00:00:00Z,,http://www.wikidata.org/prop/direct/P735,http://www.wikidata.org/prop/direct/P735,http://www.wikidata.org/entity/Q108631,Katherine
http://www.wikidata.org/entity/Q75900745,Marie de Haverskerke,p39139.htm#i391385,1310-01-01T00:00:00Z,,,http://www.wikidata.org/prop/direct/P21,http://www.wikidata.org/prop/direct/P21,http://www.wikidata.org/entity/Q6581072,female
http://www.wikidata.org/entity/Q75900745,Marie de Haverskerke,p39139.htm#i391385,1310-01-01T00:00:00Z,,,http://www.wikidata.org/prop/direct/P22,http://www.wikidata.org/prop/direct/P22,http://www.wikidata.org/entity/Q108432406,Pierre de Haverskerke
http://www.wikidata.org/entity/Q75900745,Marie de Haverskerke,p39139.htm#i391385,1310-01-01T00:00:00Z,,,http://www.wikidata.org/prop/direct/P25,http://www.wikidata.org/prop/direct/P25,http://www.wikidata.org/entity/Q108432409,Marie de Straten
http://www.wikidata.org/entity/Q75900745,Marie de Haverskerke,p39139.htm#i391385,1310-01-01T00:00:00Z,,,http://www.wikidata.org/prop/direct/P26,http://www.wikidata.org/prop/direct/P26,http://www.wikidata.org/entity/Q75887486,"Jean IV Ghistelles, Seigneur de Ghistelles"
http://www.wikidata.org/entity/Q75900745,Marie de Haverskerke,p39139.htm#i391385,1310-01-01T00:00:00Z,,,http://www.wikidata.org/prop/direct/P31,http://www.wikidata.org/prop/direct/P31,http://www.wikidata.org/entity/Q5,human
http://www.wikidata.org/entity/Q75900745,Marie de Haverskerke,p39139.htm#i391385,1310-01-01T00:00:00Z,,,http://www.wikidata.org/prop/direct/P40,http://www.wikidata.org/prop/direct/P40,http://www.wikidata.org/entity/Q75889756,"Roger de Ghistelles, Seigneur de Dudzeele et de Straten"
http://www.wikidata.org/entity/Q75900745,Marie de Haverskerke,p39139.htm#i391385,1310-01-01T00:00:00Z,,,http://www.wikidata.org/prop/direct/P1819,http://www.wikidata.org/prop/direct/P1819,I00027451,I00027451
http://www.wikidata.org/entity/Q75900745,Marie de Haverskerke,p39139.htm#i391385,1310-01-01T00:00:00Z,,,http://www.wikidata.org/prop/direct/P2949,http://www.wikidata.org/prop/direct/P2949,De_Haverskerke_Dame_de_Straten-1,De_Haverskerke_Dame_de_Straten-1
http://www.wikidata.org/entity/Q75900745,Marie de Haverskerke,p39139.htm#i391385,1310-01-01T00:00:00Z,,,http://www.wikidata.org/prop/direct/P4638,http://www.wikidata.org/prop/direct/P4638,p39139.htm#i391385,p39139.htm#i391385
http://www.wikidata.org/entity/Q75900745,Marie de Haverskerke,p39139.htm#i391385,1310-01-01T00:00:00Z,,,http://www.wikidata.org/prop/direct/P569,http://www.wikidata.org/prop/direct/P569,1310-01-01T00:00:00Z,1310-01-01T00:00:00Z
http://www.wikidata.org/entity/Q75900782,"Pierre de Giac, Seigneur de Giac, Soupy, Joserand et Saint-Germain-du-Bois-Remy",p39142.htm#i391413,1340-01-01T00:00:00Z,1407-01-01T00:00:00Z,,http://www.wikidata.org/prop/direct/P119,http://www.wikidata.org/prop/direct/P119,http://www.wikidata.org/entity/Q207575,Riom
http://www.wikidata.org/entity/Q75900782,"Pierre de Giac, Seigneur de Giac, Soupy, Joserand et Saint-Germain-du-Bois-Remy",p39142.htm#i391413,1340-01-01T00:00:00Z,1407-01-01T00:00:00Z,,http://www.wikidata.org/prop/direct/P18,http://www.wikidata.org/prop/direct/P18,http://commons.wikimedia.org/wiki/Special:FilePath/BOYER%201120%20-%20-Pierre%20de%20Giac-.tif,http://commons.wikimedia.org/wiki/Special:FilePath/BOYER%201120%20-%20-Pierre%20de%20Giac-.tif
http://www.wikidata.org/entity/Q75900782,"Pierre de Giac, Seigneur de Giac, Soupy, Joserand et Saint-Germain-du-Bois-Remy",p39142.htm#i391413,1340-01-01T00:00:00Z,1407-01-01T00:00:00Z,,http://www.wikidata.org/prop/direct/P19,http://www.wikidata.org/prop/direct/P19,http://www.wikidata.org/entity/Q207575,Riom
http://www.wikidata.org/entity/Q75900782,"Pierre de Giac, Seigneur de Giac, Soupy, Joserand et Saint-Germain-du-Bois-Remy",p39142.htm#i391413,1340-01-01T00:00:00Z,1407-01-01T00:00:00Z,,http://www.wikidata.org/prop/direct/P21,http://www.wikidata.org/prop/direct/P21,http://www.wikidata.org/entity/Q6581097,male
http://www.wikidata.org/entity/Q75900782,"Pierre de Giac, Seigneur de Giac, Soupy, Joserand et Saint-Germain-du-Bois-Remy",p39142.htm#i391413,1340-01-01T00:00:00Z,1407-01-01T00:00:00Z,,http://www.wikidata.org/prop/direct/P22,http://www.wikidata.org/prop/direct/P22,http://www.wikidata.org/entity/Q101509551,Jean de Giac
http://www.wikidata.org/entity/Q75900782,"Pierre de Giac, Seigneur de Giac, Soupy, Joserand et Saint-Germain-du-Bois-Remy",p39142.htm#i391413,1340-01-01T00:00:00Z,1407-01-01T00:00:00Z,,http://www.wikidata.org/prop/direct/P26,http://www.wikidata.org/prop/direct/P26,http://www.wikidata.org/entity/Q101509555,Marguerite de Campendu
http://www.wikidata.org/entity/Q75900782,"Pierre de Giac, Seigneur de Giac, Soupy, Joserand et Saint-Germain-du-Bois-Remy",p39142.htm#i391413,1340-01-01T00:00:00Z,1407-01-01T00:00:00Z,,http://www.wikidata.org/prop/direct/P31,http://www.wikidata.org/prop/direct/P31,http://www.wikidata.org/entity/Q5,human
http://www.wikidata.org/entity/Q75900782,"Pierre de Giac, Seigneur de Giac, Soupy, Joserand et Saint-Germain-du-Bois-Remy",p39142.htm#i391413,1340-01-01T00:00:00Z,1407-01-01T00:00:00Z,,http://www.wikidata.org/prop/direct/P39,http://www.wikidata.org/prop/direct/P39,http://www.wikidata.org/entity/Q1402428,Lord Chancellor of France
http://www.wikidata.org/entity/Q75900782,"Pierre de Giac, Seigneur de Giac, Soupy, Joserand et Saint-Germain-du-Bois-Remy",p39142.htm#i391413,1340-01-01T00:00:00Z,1407-01-01T00:00:00Z,,http://www.wikidata.org/prop/direct/P40,http://www.wikidata.org/prop/direct/P40,http://www.wikidata.org/entity/Q101509539,Catherine de Giac
http://www.wikidata.org/entity/Q75900782,"Pierre de Giac, Seigneur de Giac, Soupy, Joserand et Saint-Germain-du-Bois-Remy",p39142.htm#i391413,1340-01-01T00:00:00Z,1407-01-01T00:00:00Z,,http://www.wikidata.org/prop/direct/P40,http://www.wikidata.org/prop/direct/P40,http://www.wikidata.org/entity/Q75900305,"Louis de Giac, Seigneur de Chateaugay"
http://www.wikidata.org/entity/Q75900782,"Pierre de Giac, Seigneur de Giac, Soupy, Joserand et Saint-Germain-du-Bois-Remy",p39142.htm#i391413,1340-01-01T00:00:00Z,1407-01-01T00:00:00Z,,http://www.wikidata.org/prop/direct/P1819,http://www.wikidata.org/prop/direct/P1819,I00164404,I00164404
http://www.wikidata.org/entity/Q75900782,"Pierre de Giac, Seigneur de Giac, Soupy, Joserand et Saint-Germain-du-Bois-Remy",p39142.htm#i391413,1340-01-01T00:00:00Z,1407-01-01T00:00:00Z,,http://www.wikidata.org/prop/direct/P2949,http://www.wikidata.org/prop/direct/P2949,Giac-2,Giac-2
http://www.wikidata.org/entity/Q75900782,"Pierre de Giac, Seigneur de Giac, Soupy, Joserand et Saint-Germain-du-Bois-Remy",p39142.htm#i391413,1340-01-01T00:00:00Z,1407-01-01T00:00:00Z,,http://www.wikidata.org/prop/direct/P373,http://www.wikidata.org/prop/direct/P373,Pierre de Giac,Pierre de Giac
http://www.wikidata.org/entity/Q75900782,"Pierre de Giac, Seigneur de Giac, Soupy, Joserand et Saint-Germain-du-Bois-Remy",p39142.htm#i391413,1340-01-01T00:00:00Z,1407-01-01T00:00:00Z,,http://www.wikidata.org/prop/direct/P4638,http://www.wikidata.org/prop/direct/P4638,p39142.htm#i391413,p39142.htm#i391413
http://www.wikidata.org/entity/Q75900782,"Pierre de Giac, Seigneur de Giac, Soupy, Joserand et Saint-Germain-du-Bois-Remy",p39142.htm#i391413,1340-01-01T00:00:00Z,1407-01-01T00:00:00Z,,http://www.wikidata.org/prop/direct/P569,http://www.wikidata.org/prop/direct/P569,1340-01-01T00:00:00Z,1340-01-01T00:00:00Z
http://www.wikidata.org/entity/Q75900782,"Pierre de Giac, Seigneur de Giac, Soupy, Joserand et Saint-Germain-du-Bois-Remy",p39142.htm#i391413,1340-01-01T00:00:00Z,1407-01-01T00:00:00Z,,http://www.wikidata.org/prop/direct/P570,http://www.wikidata.org/prop/direct/P570,1407-01-01T00:00:00Z,1407-01-01T00:00:00Z
http://www.wikidata.org/entity/Q75900782,"Pierre de Giac, Seigneur de Giac, Soupy, Joserand et Saint-Germain-du-Bois-Remy",p39142.htm#i391413,1340-01-01T00:00:00Z,1407-01-01T00:00:00Z,,http://www.wikidata.org/prop/direct/P735,http://www.wikidata.org/prop/direct/P735,http://www.wikidata.org/entity/Q2093070,Pierre
http://www.wikidata.org/entity/Q75900820,Henry Oglander,p39144.htm#i391440,,1310-01-01T00:00:00Z,,http://www.wikidata.org/prop/direct/P21,http://www.wikidata.org/prop/direct/P21,http://www.wikidata.org/entity/Q6581097,male
http://www.wikidata.org/entity/Q75900820,Henry Oglander,p39144.htm#i391440,,1310-01-01T00:00:00Z,,http://www.wikidata.org/prop/direct/P22,http://www.wikidata.org/prop/direct/P22,http://www.wikidata.org/entity/Q75900821,Robert Oglander
http://www.wikidata.org/entity/Q75900820,Henry Oglander,p39144.htm#i391440,,1310-01-01T00:00:00Z,,http://www.wikidata.org/prop/direct/P25,http://www.wikidata.org/prop/direct/P25,http://www.wikidata.org/entity/Q75905499,Roberta Russell
http://www.wikidata.org/entity/Q75900820,Henry Oglander,p39144.htm#i391440,,1310-01-01T00:00:00Z,,http://www.wikidata.org/prop/direct/P26,http://www.wikidata.org/prop/direct/P26,http://www.wikidata.org/entity/Q75905611,Jane Glamorgan
http://www.wikidata.org/entity/Q75900820,Henry Oglander,p39144.htm#i391440,,1310-01-01T00:00:00Z,,http://www.wikidata.org/prop/direct/P31,http://www.wikidata.org/prop/direct/P31,http://www.wikidata.org/entity/Q5,human
http://www.wikidata.org/entity/Q75900820,Henry Oglander,p39144.htm#i391440,,1310-01-01T00:00:00Z,,http://www.wikidata.org/prop/direct/P40,http://www.wikidata.org/prop/direct/P40,http://www.wikidata.org/entity/Q75853959,Sir Henry Oglander
http://www.wikidata.org/entity/Q75900820,Henry Oglander,p39144.htm#i391440,,1310-01-01T00:00:00Z,,http://www.wikidata.org/prop/direct/P40,http://www.wikidata.org/prop/direct/P40,http://www.wikidata.org/entity/Q75905614,Reginald Oglander
http://www.wikidata.org/entity/Q75900820,Henry Oglander,p39144.htm#i391440,,1310-01-01T00:00:00Z,,http://www.wikidata.org/prop/direct/P40,http://www.wikidata.org/prop/direct/P40,http://www.wikidata.org/entity/Q75905624,Susan Oglander
http://www.wikidata.org/entity/Q75900820,Henry Oglander,p39144.htm#i391440,,1310-01-01T00:00:00Z,,http://www.wikidata.org/prop/direct/P4638,http://www.wikidata.org/prop/direct/P4638,p39144.htm#i391440,p39144.htm#i391440
http://www.wikidata.org/entity/Q75900820,Henry Oglander,p39144.htm#i391440,,1310-01-01T00:00:00Z,,http://www.wikidata.org/prop/direct/P570,http://www.wikidata.org/prop/direct/P570,1310-01-01T00:00:00Z,1310-01-01T00:00:00Z
http://www.wikidata.org/entity/Q75900820,Henry Oglander,p39144.htm#i391440,,1310-01-01T00:00:00Z,,http://www.wikidata.org/prop/direct/P735,http://www.wikidata.org/prop/direct/P735,http://www.wikidata.org/entity/Q1158477,Henry
http://www.wikidata.org/entity/Q75900821,Robert Oglander,p39145.htm#i391441,,1286-01-01T00:00:00Z,,http://www.wikidata.org/prop/direct/P21,http://www.wikidata.org/prop/direct/P21,http://www.wikidata.org/entity/Q6581097,male
http://www.wikidata.org/entity/Q75900821,Robert Oglander,p39145.htm#i391441,,1286-01-01T00:00:00Z,,http://www.wikidata.org/prop/direct/P22,http://www.wikidata.org/prop/direct/P22,http://www.wikidata.org/entity/Q75900841,Roger Oglander
http://www.wikidata.org/entity/Q75900821,Robert Oglander,p39145.htm#i391441,,1286-01-01T00:00:00Z,,http://www.wikidata.org/prop/direct/P25,http://www.wikidata.org/prop/direct/P25,http://www.wikidata.org/entity/Q75905344,Alice Rokesley
http://www.wikidata.org/entity/Q75900821,Robert Oglander,p39145.htm#i391441,,1286-01-01T00:00:00Z,,http://www.wikidata.org/prop/direct/P26,http://www.wikidata.org/prop/direct/P26,http://www.wikidata.org/entity/Q75905499,Roberta Russell
http://www.wikidata.org/entity/Q75900821,Robert Oglander,p39145.htm#i391441,,1286-01-01T00:00:00Z,,http://www.wikidata.org/prop/direct/P31,http://www.wikidata.org/prop/direct/P31,http://www.wikidata.org/entity/Q5,human
http://www.wikidata.org/entity/Q75900821,Robert Oglander,p39145.htm#i391441,,1286-01-01T00:00:00Z,,http://www.wikidata.org/prop/direct/P40,http://www.wikidata.org/prop/direct/P40,http://www.wikidata.org/entity/Q75900820,Henry Oglander
http://www.wikidata.org/entity/Q75900821,Robert Oglander,p39145.htm#i391441,,1286-01-01T00:00:00Z,,http://www.wikidata.org/prop/direct/P4638,http://www.wikidata.org/prop/direct/P4638,p39145.htm#i391441,p39145.htm#i391441
http://www.wikidata.org/entity/Q75900821,Robert Oglander,p39145.htm#i391441,,1286-01-01T00:00:00Z,,http://www.wikidata.org/prop/direct/P570,http://www.wikidata.org/prop/direct/P570,1286-01-01T00:00:00Z,1286-01-01T00:00:00Z
http://www.wikidata.org/entity/Q75900821,Robert Oglander,p39145.htm#i391441,,1286-01-01T00:00:00Z,,http://www.wikidata.org/prop/direct/P735,http://www.wikidata.org/prop/direct/P735,http://www.wikidata.org/entity/Q4927937,Robert
http://www.wikidata.org/entity/Q75900841,Roger Oglander,p39146.htm#i391456,,1260-01-01T00:00:00Z,,http://www.wikidata.org/prop/direct/P21,http://www.wikidata.org/prop/direct/P21,http://www.wikidata.org/entity/Q6581097,male
http://www.wikidata.org/entity/Q75900841,Roger Oglander,p39146.htm#i391456,,1260-01-01T00:00:00Z,,http://www.wikidata.org/prop/direct/P22,http://www.wikidata.org/prop/direct/P22,http://www.wikidata.org/entity/Q75901019,Roger Oglander
http://www.wikidata.org/entity/Q75900841,Roger Oglander,p39146.htm#i391456,,1260-01-01T00:00:00Z,,http://www.wikidata.org/prop/direct/P25,http://www.wikidata.org/prop/direct/P25,http://www.wikidata.org/entity/Q75901065,Cecilia Colville
http://www.wikidata.org/entity/Q75900841,Roger Oglander,p39146.htm#i391456,,1260-01-01T00:00:00Z,,http://www.wikidata.org/prop/direct/P26,http://www.wikidata.org/prop/direct/P26,http://www.wikidata.org/entity/Q75905344,Alice Rokesley
http://www.wikidata.org/entity/Q75900841,Roger Oglander,p39146.htm#i391456,,1260-01-01T00:00:00Z,,http://www.wikidata.org/prop/direct/P31,http://www.wikidata.org/prop/direct/P31,http://www.wikidata.org/entity/Q5,human
http://www.wikidata.org/entity/Q75900841,Roger Oglander,p39146.htm#i391456,,1260-01-01T00:00:00Z,,http://www.wikidata.org/prop/direct/P40,http://www.wikidata.org/prop/direct/P40,http://www.wikidata.org/entity/Q75900821,Robert Oglander
http://www.wikidata.org/entity/Q75900841,Roger Oglander,p39146.htm#i391456,,1260-01-01T00:00:00Z,,http://www.wikidata.org/prop/direct/P40,http://www.wikidata.org/prop/direct/P40,http://www.wikidata.org/entity/Q75905346,Henry Oglander
http://www.wikidata.org/entity/Q75900841,Roger Oglander,p39146.htm#i391456,,1260-01-01T00:00:00Z,,http://www.wikidata.org/prop/direct/P40,http://www.wikidata.org/prop/direct/P40,http://www.wikidata.org/entity/Q75905497,William Oglander
http://www.wikidata.org/entity/Q75900841,Roger Oglander,p39146.htm#i391456,,1260-01-01T00:00:00Z,,http://www.wikidata.org/prop/direct/P4638,http://www.wikidata.org/prop/direct/P4638,p39146.htm#i391456,p39146.htm#i391456
http://www.wikidata.org/entity/Q75900841,Roger Oglander,p39146.htm#i391456,,1260-01-01T00:00:00Z,,http://www.wikidata.org/prop/direct/P570,http://www.wikidata.org/prop/direct/P570,1260-01-01T00:00:00Z,1260-01-01T00:00:00Z
http://www.wikidata.org/entity/Q75900841,Roger Oglander,p39146.htm#i391456,,1260-01-01T00:00:00Z,,http://www.wikidata.org/prop/direct/P734,http://www.wikidata.org/prop/direct/P734,http://www.wikidata.org/entity/Q7080081,Oglander
http://www.wikidata.org/entity/Q75900841,Roger Oglander,p39146.htm#i391456,,1260-01-01T00:00:00Z,,http://www.wikidata.org/prop/direct/P735,http://www.wikidata.org/prop/direct/P735,http://www.wikidata.org/entity/Q4925304,Roger
http://www.wikidata.org/entity/Q75901495,Sir Alexander Villiers,p39193.htm#i391922,1228-01-01T00:00:00Z,,,http://www.wikidata.org/prop/direct/P21,http://www.wikidata.org/prop/direct/P21,http://www.wikidata.org/entity/Q6581097,male
http://www.wikidata.org/entity/Q75901495,Sir Alexander Villiers,p39193.htm#i391922,1228-01-01T00:00:00Z,,,http://www.wikidata.org/prop/direct/P22,http://www.wikidata.org/prop/direct/P22,http://www.wikidata.org/entity/Q75918928,Paganus II de Payne Villiers
http://www.wikidata.org/entity/Q75901495,Sir Alexander Villiers,p39193.htm#i391922,1228-01-01T00:00:00Z,,,http://www.wikidata.org/prop/direct/P26,http://www.wikidata.org/prop/direct/P26,http://www.wikidata.org/entity/Q75918921,Cecily Seis
http://www.wikidata.org/entity/Q75901495,Sir Alexander Villiers,p39193.htm#i391922,1228-01-01T00:00:00Z,,,http://www.wikidata.org/prop/direct/P26,http://www.wikidata.org/prop/direct/P26,http://www.wikidata.org/entity/Q75918926,Alice Brakeston
http://www.wikidata.org/entity/Q75901495,Sir Alexander Villiers,p39193.htm#i391922,1228-01-01T00:00:00Z,,,http://www.wikidata.org/prop/direct/P31,http://www.wikidata.org/prop/direct/P31,http://www.wikidata.org/entity/Q5,human
http://www.wikidata.org/entity/Q75901495,Sir Alexander Villiers,p39193.htm#i391922,1228-01-01T00:00:00Z,,,http://www.wikidata.org/prop/direct/P40,http://www.wikidata.org/prop/direct/P40,http://www.wikidata.org/entity/Q75862950,Sir Richard Villiers
http://www.wikidata.org/entity/Q75901495,Sir Alexander Villiers,p39193.htm#i391922,1228-01-01T00:00:00Z,,,http://www.wikidata.org/prop/direct/P2949,http://www.wikidata.org/prop/direct/P2949,Villiers-86,Villiers-86
http://www.wikidata.org/entity/Q75901495,Sir Alexander Villiers,p39193.htm#i391922,1228-01-01T00:00:00Z,,,http://www.wikidata.org/prop/direct/P4638,http://www.wikidata.org/prop/direct/P4638,p39193.htm#i391922,p39193.htm#i391922
http://www.wikidata.org/entity/Q75901495,Sir Alexander Villiers,p39193.htm#i391922,1228-01-01T00:00:00Z,,,http://www.wikidata.org/prop/direct/P511,http://www.wikidata.org/prop/direct/P511,http://www.wikidata.org/entity/Q209690,Sir
http://www.wikidata.org/entity/Q75901495,Sir Alexander Villiers,p39193.htm#i391922,1228-01-01T00:00:00Z,,,http://www.wikidata.org/prop/direct/P569,http://www.wikidata.org/prop/direct/P569,1228-01-01T00:00:00Z,1228-01-01T00:00:00Z
http://www.wikidata.org/entity/Q75901495,Sir Alexander Villiers,p39193.htm#i391922,1228-01-01T00:00:00Z,,,http://www.wikidata.org/prop/direct/P734,http://www.wikidata.org/prop/direct/P734,http://www.wikidata.org/entity/Q2526219,Villiers
http://www.wikidata.org/entity/Q75901603,Colette d'Argouges,p39200.htm#i392000,1043-01-01T00:00:00Z,,,http://www.wikidata.org/prop/direct/P21,http://www.wikidata.org/prop/direct/P21,http://www.wikidata.org/entity/Q6581072,female
http://www.wikidata.org/entity/Q75901603,Colette d'Argouges,p39200.htm#i392000,1043-01-01T00:00:00Z,,,http://www.wikidata.org/prop/direct/P26,http://www.wikidata.org/prop/direct/P26,http://www.wikidata.org/entity/Q3435479,Robert I of Harcourt
http://www.wikidata.org/entity/Q75901603,Colette d'Argouges,p39200.htm#i392000,1043-01-01T00:00:00Z,,,http://www.wikidata.org/prop/direct/P31,http://www.wikidata.org/prop/direct/P31,http://www.wikidata.org/entity/Q5,human
http://www.wikidata.org/entity/Q75901603,Colette d'Argouges,p39200.htm#i392000,1043-01-01T00:00:00Z,,,http://www.wikidata.org/prop/direct/P40,http://www.wikidata.org/prop/direct/P40,http://www.wikidata.org/entity/Q3120265,William of Harcourt
http://www.wikidata.org/entity/Q75901603,Colette d'Argouges,p39200.htm#i392000,1043-01-01T00:00:00Z,,,http://www.wikidata.org/prop/direct/P1185,http://www.wikidata.org/prop/direct/P1185,141801,141801
http://www.wikidata.org/entity/Q75901603,Colette d'Argouges,p39200.htm#i392000,1043-01-01T00:00:00Z,,,http://www.wikidata.org/prop/direct/P1819,http://www.wikidata.org/prop/direct/P1819,I00028875,I00028875
http://www.wikidata.org/entity/Q75901603,Colette d'Argouges,p39200.htm#i392000,1043-01-01T00:00:00Z,,,http://www.wikidata.org/prop/direct/P2949,http://www.wikidata.org/prop/direct/P2949,Argouges-1,Argouges-1
http://www.wikidata.org/entity/Q75901603,Colette d'Argouges,p39200.htm#i392000,1043-01-01T00:00:00Z,,,http://www.wikidata.org/prop/direct/P4159,http://www.wikidata.org/prop/direct/P4159,Colede_d'Argouges_(1),Colede_d'Argouges_(1)
http://www.wikidata.org/entity/Q75901603,Colette d'Argouges,p39200.htm#i392000,1043-01-01T00:00:00Z,,,http://www.wikidata.org/prop/direct/P4638,http://www.wikidata.org/prop/direct/P4638,p39200.htm#i392000,p39200.htm#i392000
http://www.wikidata.org/entity/Q75901603,Colette d'Argouges,p39200.htm#i392000,1043-01-01T00:00:00Z,,,http://www.wikidata.org/prop/direct/P569,http://www.wikidata.org/prop/direct/P569,1043-01-01T00:00:00Z,1043-01-01T00:00:00Z
http://www.wikidata.org/entity/Q75901603,Colette d'Argouges,p39200.htm#i392000,1043-01-01T00:00:00Z,,,http://www.wikidata.org/prop/direct/P735,http://www.wikidata.org/prop/direct/P735,http://www.wikidata.org/entity/Q16275223,Colette
http://www.wikidata.org/entity/Q75901721,Mary le Cheyne,p39209.htm#i392083,1310-01-01T00:00:00Z,,,http://www.wikidata.org/prop/direct/P21,http://www.wikidata.org/prop/direct/P21,http://www.wikidata.org/entity/Q6581072,female
http://www.wikidata.org/entity/Q75901721,Mary le Cheyne,p39209.htm#i392083,1310-01-01T00:00:00Z,,,http://www.wikidata.org/prop/direct/P22,http://www.wikidata.org/prop/direct/P22,http://www.wikidata.org/entity/Q75902178,Nicholas le Cheyne
http://www.wikidata.org/entity/Q75901721,Mary le Cheyne,p39209.htm#i392083,1310-01-01T00:00:00Z,,,http://www.wikidata.org/prop/direct/P25,http://www.wikidata.org/prop/direct/P25,http://www.wikidata.org/entity/Q110622818,Elen de Abernethy
http://www.wikidata.org/entity/Q75901721,Mary le Cheyne,p39209.htm#i392083,1310-01-01T00:00:00Z,,,http://www.wikidata.org/prop/direct/P26,http://www.wikidata.org/prop/direct/P26,http://www.wikidata.org/entity/Q75901720,Nicholas Sutherland
http://www.wikidata.org/entity/Q75901721,Mary le Cheyne,p39209.htm#i392083,1310-01-01T00:00:00Z,,,http://www.wikidata.org/prop/direct/P31,http://www.wikidata.org/prop/direct/P31,http://www.wikidata.org/entity/Q5,human
http://www.wikidata.org/entity/Q75901721,Mary le Cheyne,p39209.htm#i392083,1310-01-01T00:00:00Z,,,http://www.wikidata.org/prop/direct/P40,http://www.wikidata.org/prop/direct/P40,http://www.wikidata.org/entity/Q75901722,Henry Sutherland of Torboll
http://www.wikidata.org/entity/Q75901721,Mary le Cheyne,p39209.htm#i392083,1310-01-01T00:00:00Z,,,http://www.wikidata.org/prop/direct/P1819,http://www.wikidata.org/prop/direct/P1819,I00473671,I00473671
http://www.wikidata.org/entity/Q75901721,Mary le Cheyne,p39209.htm#i392083,1310-01-01T00:00:00Z,,,http://www.wikidata.org/prop/direct/P2949,http://www.wikidata.org/prop/direct/P2949,Cheyne-67,Cheyne-67
http://www.wikidata.org/entity/Q75901721,Mary le Cheyne,p39209.htm#i392083,1310-01-01T00:00:00Z,,,http://www.wikidata.org/prop/direct/P4638,http://www.wikidata.org/prop/direct/P4638,p39209.htm#i392083,p39209.htm#i392083
http://www.wikidata.org/entity/Q75901721,Mary le Cheyne,p39209.htm#i392083,1310-01-01T00:00:00Z,,,http://www.wikidata.org/prop/direct/P569,http://www.wikidata.org/prop/direct/P569,1310-01-01T00:00:00Z,1310-01-01T00:00:00Z
http://www.wikidata.org/entity/Q75901722,Henry Sutherland of Torboll,p39209.htm#i392084,1351-01-01T00:00:00Z,1434-01-01T00:00:00Z,,http://www.wikidata.org/prop/direct/P21,http://www.wikidata.org/prop/direct/P21,http://www.wikidata.org/entity/Q6581097,male
http://www.wikidata.org/entity/Q75901722,Henry Sutherland of Torboll,p39209.htm#i392084,1351-01-01T00:00:00Z,1434-01-01T00:00:00Z,,http://www.wikidata.org/prop/direct/P22,http://www.wikidata.org/prop/direct/P22,http://www.wikidata.org/entity/Q75901720,Nicholas Sutherland
http://www.wikidata.org/entity/Q75901722,Henry Sutherland of Torboll,p39209.htm#i392084,1351-01-01T00:00:00Z,1434-01-01T00:00:00Z,,http://www.wikidata.org/prop/direct/P25,http://www.wikidata.org/prop/direct/P25,http://www.wikidata.org/entity/Q75901721,Mary le Cheyne
http://www.wikidata.org/entity/Q75901722,Henry Sutherland of Torboll,p39209.htm#i392084,1351-01-01T00:00:00Z,1434-01-01T00:00:00Z,,http://www.wikidata.org/prop/direct/P31,http://www.wikidata.org/prop/direct/P31,http://www.wikidata.org/entity/Q5,human
http://www.wikidata.org/entity/Q75901722,Henry Sutherland of Torboll,p39209.htm#i392084,1351-01-01T00:00:00Z,1434-01-01T00:00:00Z,,http://www.wikidata.org/prop/direct/P40,http://www.wikidata.org/prop/direct/P40,http://www.wikidata.org/entity/Q75901725,"Alexander Sutherland, 3rd of Duffus"
http://www.wikidata.org/entity/Q75901722,Henry Sutherland of Torboll,p39209.htm#i392084,1351-01-01T00:00:00Z,1434-01-01T00:00:00Z,,http://www.wikidata.org/prop/direct/P1819,http://www.wikidata.org/prop/direct/P1819,I00473672,I00473672
http://www.wikidata.org/entity/Q75901722,Henry Sutherland of Torboll,p39209.htm#i392084,1351-01-01T00:00:00Z,1434-01-01T00:00:00Z,,http://www.wikidata.org/prop/direct/P2949,http://www.wikidata.org/prop/direct/P2949,Sutherland-805,Sutherland-805
http://www.wikidata.org/entity/Q75901722,Henry Sutherland of Torboll,p39209.htm#i392084,1351-01-01T00:00:00Z,1434-01-01T00:00:00Z,,http://www.wikidata.org/prop/direct/P4638,http://www.wikidata.org/prop/direct/P4638,p39209.htm#i392084,p39209.htm#i392084
http://www.wikidata.org/entity/Q75901722,Henry Sutherland of Torboll,p39209.htm#i392084,1351-01-01T00:00:00Z,1434-01-01T00:00:00Z,,http://www.wikidata.org/prop/direct/P569,http://www.wikidata.org/prop/direct/P569,1351-01-01T00:00:00Z,1351-01-01T00:00:00Z
http://www.wikidata.org/entity/Q75901722,Henry Sutherland of Torboll,p39209.htm#i392084,1351-01-01T00:00:00Z,1434-01-01T00:00:00Z,,http://www.wikidata.org/prop/direct/P570,http://www.wikidata.org/prop/direct/P570,1434-01-01T00:00:00Z,1434-01-01T00:00:00Z
http://www.wikidata.org/entity/Q75901722,Henry Sutherland of Torboll,p39209.htm#i392084,1351-01-01T00:00:00Z,1434-01-01T00:00:00Z,,http://www.wikidata.org/prop/direct/P734,http://www.wikidata.org/prop/direct/P734,http://www.wikidata.org/entity/Q16884058,Sutherland
http://www.wikidata.org/entity/Q75901722,Henry Sutherland of Torboll,p39209.htm#i392084,1351-01-01T00:00:00Z,1434-01-01T00:00:00Z,,http://www.wikidata.org/prop/direct/P735,http://www.wikidata.org/prop/direct/P735,http://www.wikidata.org/entity/Q1158477,Henry
http://www.wikidata.org/entity/Q75901725,"Alexander Sutherland, 3rd of Duffus",p39209.htm#i392085,,1482-01-01T00:00:00Z,,http://www.wikidata.org/prop/direct/P21,http://www.wikidata.org/prop/direct/P21,http://www.wikidata.org/entity/Q6581097,male
http://www.wikidata.org/entity/Q75901725,"Alexander Sutherland, 3rd of Duffus",p39209.htm#i392085,,1482-01-01T00:00:00Z,,http://www.wikidata.org/prop/direct/P22,http://www.wikidata.org/prop/direct/P22,http://www.wikidata.org/entity/Q75901722,Henry Sutherland of Torboll
http://www.wikidata.org/entity/Q75901725,"Alexander Sutherland, 3rd of Duffus",p39209.htm#i392085,,1482-01-01T00:00:00Z,,http://www.wikidata.org/prop/direct/P25,http://www.wikidata.org/prop/direct/P25,http://www.wikidata.org/entity/Q116031268,Mairead|Margaret de Moireabh (Mureff|Moray)
http://www.wikidata.org/entity/Q75901725,"Alexander Sutherland, 3rd of Duffus",p39209.htm#i392085,,1482-01-01T00:00:00Z,,http://www.wikidata.org/prop/direct/P26,http://www.wikidata.org/prop/direct/P26,http://www.wikidata.org/entity/Q75901727,Morella Chisholm
http://www.wikidata.org/entity/Q75901725,"Alexander Sutherland, 3rd of Duffus",p39209.htm#i392085,,1482-01-01T00:00:00Z,,http://www.wikidata.org/prop/direct/P31,http://www.wikidata.org/prop/direct/P31,http://www.wikidata.org/entity/Q5,human
http://www.wikidata.org/entity/Q75901725,"Alexander Sutherland, 3rd of Duffus",p39209.htm#i392085,,1482-01-01T00:00:00Z,,http://www.wikidata.org/prop/direct/P40,http://www.wikidata.org/prop/direct/P40,http://www.wikidata.org/entity/Q75901729,William Sutherland of Berriedale
http://www.wikidata.org/entity/Q75901725,"Alexander Sutherland, 3rd of Duffus",p39209.htm#i392085,,1482-01-01T00:00:00Z,,http://www.wikidata.org/prop/direct/P40,http://www.wikidata.org/prop/direct/P40,http://www.wikidata.org/entity/Q75902180,Isobel Sutherland
http://www.wikidata.org/entity/Q75901725,"Alexander Sutherland, 3rd of Duffus",p39209.htm#i392085,,1482-01-01T00:00:00Z,,http://www.wikidata.org/prop/direct/P1819,http://www.wikidata.org/prop/direct/P1819,I00473674,I00473674
http://www.wikidata.org/entity/Q75901725,"Alexander Sutherland, 3rd of Duffus",p39209.htm#i392085,,1482-01-01T00:00:00Z,,http://www.wikidata.org/prop/direct/P2671,http://www.wikidata.org/prop/direct/P2671,/g/11j3rf2l1v,/g/11j3rf2l1v
http://www.wikidata.org/entity/Q75901725,"Alexander Sutherland, 3rd of Duffus",p39209.htm#i392085,,1482-01-01T00:00:00Z,,http://www.wikidata.org/prop/direct/P4638,http://www.wikidata.org/prop/direct/P4638,p39209.htm#i392085,p39209.htm#i392085
http://www.wikidata.org/entity/Q75901725,"Alexander Sutherland, 3rd of Duffus",p39209.htm#i392085,,1482-01-01T00:00:00Z,,http://www.wikidata.org/prop/direct/P570,http://www.wikidata.org/prop/direct/P570,1482-01-01T00:00:00Z,1482-01-01T00:00:00Z
http://www.wikidata.org/entity/Q75901725,"Alexander Sutherland, 3rd of Duffus",p39209.htm#i392085,,1482-01-01T00:00:00Z,,http://www.wikidata.org/prop/direct/P735,http://www.wikidata.org/prop/direct/P735,http://www.wikidata.org/entity/Q923,Alexander
http://www.wikidata.org/entity/Q75901726,John Chisholm of Chisholm,p39209.htm#i392086,1375-01-01T00:00:00Z,1436-01-01T00:00:00Z,,http://www.wikidata.org/prop/direct/P21,http://www.wikidata.org/prop/direct/P21,http://www.wikidata.org/entity/Q6581097,male
http://www.wikidata.org/entity/Q75901726,John Chisholm of Chisholm,p39209.htm#i392086,1375-01-01T00:00:00Z,1436-01-01T00:00:00Z,,http://www.wikidata.org/prop/direct/P31,http://www.wikidata.org/prop/direct/P31,http://www.wikidata.org/entity/Q5,human
http://www.wikidata.org/entity/Q75901726,John Chisholm of Chisholm,p39209.htm#i392086,1375-01-01T00:00:00Z,1436-01-01T00:00:00Z,,http://www.wikidata.org/prop/direct/P40,http://www.wikidata.org/prop/direct/P40,http://www.wikidata.org/entity/Q75901727,Morella Chisholm
http://www.wikidata.org/entity/Q75901726,John Chisholm of Chisholm,p39209.htm#i392086,1375-01-01T00:00:00Z,1436-01-01T00:00:00Z,,http://www.wikidata.org/prop/direct/P1819,http://www.wikidata.org/prop/direct/P1819,I00473676,I00473676
http://www.wikidata.org/entity/Q75901726,John Chisholm of Chisholm,p39209.htm#i392086,1375-01-01T00:00:00Z,1436-01-01T00:00:00Z,,http://www.wikidata.org/prop/direct/P2949,http://www.wikidata.org/prop/direct/P2949,Chisholm-405,Chisholm-405
http://www.wikidata.org/entity/Q75901726,John Chisholm of Chisholm,p39209.htm#i392086,1375-01-01T00:00:00Z,1436-01-01T00:00:00Z,,http://www.wikidata.org/prop/direct/P4638,http://www.wikidata.org/prop/direct/P4638,p39209.htm#i392086,p39209.htm#i392086
http://www.wikidata.org/entity/Q75901726,John Chisholm of Chisholm,p39209.htm#i392086,1375-01-01T00:00:00Z,1436-01-01T00:00:00Z,,http://www.wikidata.org/prop/direct/P569,http://www.wikidata.org/prop/direct/P569,1375-01-01T00:00:00Z,1375-01-01T00:00:00Z
http://www.wikidata.org/entity/Q75901726,John Chisholm of Chisholm,p39209.htm#i392086,1375-01-01T00:00:00Z,1436-01-01T00:00:00Z,,http://www.wikidata.org/prop/direct/P570,http://www.wikidata.org/prop/direct/P570,1436-01-01T00:00:00Z,1436-01-01T00:00:00Z
http://www.wikidata.org/entity/Q75901726,John Chisholm of Chisholm,p39209.htm#i392086,1375-01-01T00:00:00Z,1436-01-01T00:00:00Z,,http://www.wikidata.org/prop/direct/P735,http://www.wikidata.org/prop/direct/P735,http://www.wikidata.org/entity/Q4925477,John
http://www.wikidata.org/entity/Q75901729,William Sutherland of Berriedale,p39209.htm#i392088,1425-01-01T00:00:00Z,1474-01-01T00:00:00Z,,http://www.wikidata.org/prop/direct/P21,http://www.wikidata.org/prop/direct/P21,http://www.wikidata.org/entity/Q6581097,male
http://www.wikidata.org/entity/Q75901729,William Sutherland of Berriedale,p39209.htm#i392088,1425-01-01T00:00:00Z,1474-01-01T00:00:00Z,,http://www.wikidata.org/prop/direct/P22,http://www.wikidata.org/prop/direct/P22,http://www.wikidata.org/entity/Q75901725,"Alexander Sutherland, 3rd of Duffus"
http://www.wikidata.org/entity/Q75901729,William Sutherland of Berriedale,p39209.htm#i392088,1425-01-01T00:00:00Z,1474-01-01T00:00:00Z,,http://www.wikidata.org/prop/direct/P25,http://www.wikidata.org/prop/direct/P25,http://www.wikidata.org/entity/Q75901727,Morella Chisholm
http://www.wikidata.org/entity/Q75901729,William Sutherland of Berriedale,p39209.htm#i392088,1425-01-01T00:00:00Z,1474-01-01T00:00:00Z,,http://www.wikidata.org/prop/direct/P31,http://www.wikidata.org/prop/direct/P31,http://www.wikidata.org/entity/Q5,human
http://www.wikidata.org/entity/Q75901729,William Sutherland of Berriedale,p39209.htm#i392088,1425-01-01T00:00:00Z,1474-01-01T00:00:00Z,,http://www.wikidata.org/prop/direct/P40,http://www.wikidata.org/prop/direct/P40,http://www.wikidata.org/entity/Q75901730,"William Sutherland, 4th of Duffus"
http://www.wikidata.org/entity/Q75901729,William Sutherland of Berriedale,p39209.htm#i392088,1425-01-01T00:00:00Z,1474-01-01T00:00:00Z,,http://www.wikidata.org/prop/direct/P40,http://www.wikidata.org/prop/direct/P40,http://www.wikidata.org/entity/Q75921990,Isabel Sutherland
http://www.wikidata.org/entity/Q75901729,William Sutherland of Berriedale,p39209.htm#i392088,1425-01-01T00:00:00Z,1474-01-01T00:00:00Z,,http://www.wikidata.org/prop/direct/P1819,http://www.wikidata.org/prop/direct/P1819,I00473677,I00473677
http://www.wikidata.org/entity/Q75901729,William Sutherland of Berriedale,p39209.htm#i392088,1425-01-01T00:00:00Z,1474-01-01T00:00:00Z,,http://www.wikidata.org/prop/direct/P2949,http://www.wikidata.org/prop/direct/P2949,Sutherland-307,Sutherland-307
http://www.wikidata.org/entity/Q75901729,William Sutherland of Berriedale,p39209.htm#i392088,1425-01-01T00:00:00Z,1474-01-01T00:00:00Z,,http://www.wikidata.org/prop/direct/P4638,http://www.wikidata.org/prop/direct/P4638,p39209.htm#i392088,p39209.htm#i392088
http://www.wikidata.org/entity/Q75901729,William Sutherland of Berriedale,p39209.htm#i392088,1425-01-01T00:00:00Z,1474-01-01T00:00:00Z,,http://www.wikidata.org/prop/direct/P569,http://www.wikidata.org/prop/direct/P569,1425-01-01T00:00:00Z,1425-01-01T00:00:00Z
http://www.wikidata.org/entity/Q75901729,William Sutherland of Berriedale,p39209.htm#i392088,1425-01-01T00:00:00Z,1474-01-01T00:00:00Z,,http://www.wikidata.org/prop/direct/P570,http://www.wikidata.org/prop/direct/P570,1474-01-01T00:00:00Z,1474-01-01T00:00:00Z
http://www.wikidata.org/entity/Q75901729,William Sutherland of Berriedale,p39209.htm#i392088,1425-01-01T00:00:00Z,1474-01-01T00:00:00Z,,http://www.wikidata.org/prop/direct/P735,http://www.wikidata.org/prop/direct/P735,http://www.wikidata.org/entity/Q12344159,William
http://www.wikidata.org/entity/Q75901731,Janet Innes,p39209.htm#i392090,1450-01-01T00:00:00Z,,,http://www.wikidata.org/prop/direct/P21,http://www.wikidata.org/prop/direct/P21,http://www.wikidata.org/entity/Q6581072,female
http://www.wikidata.org/entity/Q75901731,Janet Innes,p39209.htm#i392090,1450-01-01T00:00:00Z,,,http://www.wikidata.org/prop/direct/P22,http://www.wikidata.org/prop/direct/P22,http://www.wikidata.org/entity/Q75921986,Berowald Innes
http://www.wikidata.org/entity/Q75901731,Janet Innes,p39209.htm#i392090,1450-01-01T00:00:00Z,,,http://www.wikidata.org/prop/direct/P26,http://www.wikidata.org/prop/direct/P26,http://www.wikidata.org/entity/Q75901730,"William Sutherland, 4th of Duffus"
http://www.wikidata.org/entity/Q75901731,Janet Innes,p39209.htm#i392090,1450-01-01T00:00:00Z,,,http://www.wikidata.org/prop/direct/P26,http://www.wikidata.org/prop/direct/P26,http://www.wikidata.org/entity/Q75921987,"Hugh Rose, 9th of Kilravock"
http://www.wikidata.org/entity/Q75901731,Janet Innes,p39209.htm#i392090,1450-01-01T00:00:00Z,,,http://www.wikidata.org/prop/direct/P31,http://www.wikidata.org/prop/direct/P31,http://www.wikidata.org/entity/Q5,human
http://www.wikidata.org/entity/Q75901731,Janet Innes,p39209.htm#i392090,1450-01-01T00:00:00Z,,,http://www.wikidata.org/prop/direct/P40,http://www.wikidata.org/prop/direct/P40,http://www.wikidata.org/entity/Q75532448,"William Sutherland, 5th of Duffus"
http://www.wikidata.org/entity/Q75901731,Janet Innes,p39209.htm#i392090,1450-01-01T00:00:00Z,,,http://www.wikidata.org/prop/direct/P2949,http://www.wikidata.org/prop/direct/P2949,Innes-410,Innes-410
http://www.wikidata.org/entity/Q75901731,Janet Innes,p39209.htm#i392090,1450-01-01T00:00:00Z,,,http://www.wikidata.org/prop/direct/P4638,http://www.wikidata.org/prop/direct/P4638,p39209.htm#i392090,p39209.htm#i392090
http://www.wikidata.org/entity/Q75901731,Janet Innes,p39209.htm#i392090,1450-01-01T00:00:00Z,,,http://www.wikidata.org/prop/direct/P569,http://www.wikidata.org/prop/direct/P569,1450-01-01T00:00:00Z,1450-01-01T00:00:00Z
http://www.wikidata.org/entity/Q75901731,Janet Innes,p39209.htm#i392090,1450-01-01T00:00:00Z,,,http://www.wikidata.org/prop/direct/P734,http://www.wikidata.org/prop/direct/P734,http://www.wikidata.org/entity/Q21450815,Innes
http://www.wikidata.org/entity/Q75901731,Janet Innes,p39209.htm#i392090,1450-01-01T00:00:00Z,,,http://www.wikidata.org/prop/direct/P735,http://www.wikidata.org/prop/direct/P735,http://www.wikidata.org/entity/Q13553631,Janet
http://www.wikidata.org/entity/Q75901781,Janet Dunbar,p39213.htm#i392125,1422-01-01T00:00:00Z,,,http://www.wikidata.org/prop/direct/P21,http://www.wikidata.org/prop/direct/P21,http://www.wikidata.org/entity/Q6581072,female
http://www.wikidata.org/entity/Q75901781,Janet Dunbar,p39213.htm#i392125,1422-01-01T00:00:00Z,,,http://www.wikidata.org/prop/direct/P22,http://www.wikidata.org/prop/direct/P22,http://www.wikidata.org/entity/Q7619245,"Thomas Dunbar, 5th Earl of Moray"
http://www.wikidata.org/entity/Q75901781,Janet Dunbar,p39213.htm#i392125,1422-01-01T00:00:00Z,,,http://www.wikidata.org/prop/direct/P25,http://www.wikidata.org/prop/direct/P25,http://www.wikidata.org/entity/Q75388272,Margaret (?)
http://www.wikidata.org/entity/Q75901781,Janet Dunbar,p39213.htm#i392125,1422-01-01T00:00:00Z,,,http://www.wikidata.org/prop/direct/P26,http://www.wikidata.org/prop/direct/P26,http://www.wikidata.org/entity/Q42376599,"Thomas Fraser, 4th Laird of Lovat"
http://www.wikidata.org/entity/Q75901781,Janet Dunbar,p39213.htm#i392125,1422-01-01T00:00:00Z,,,http://www.wikidata.org/prop/direct/P31,http://www.wikidata.org/prop/direct/P31,http://www.wikidata.org/entity/Q5,human
http://www.wikidata.org/entity/Q75901781,Janet Dunbar,p39213.htm#i392125,1422-01-01T00:00:00Z,,,http://www.wikidata.org/prop/direct/P40,http://www.wikidata.org/prop/direct/P40,http://www.wikidata.org/entity/Q5930838,"Hugh Fraser, 1st Lord Lovat"
http://www.wikidata.org/entity/Q75901781,Janet Dunbar,p39213.htm#i392125,1422-01-01T00:00:00Z,,,http://www.wikidata.org/prop/direct/P2949,http://www.wikidata.org/prop/direct/P2949,Dunbar-1160,Dunbar-1160
http://www.wikidata.org/entity/Q75901781,Janet Dunbar,p39213.htm#i392125,1422-01-01T00:00:00Z,,,http://www.wikidata.org/prop/direct/P4638,http://www.wikidata.org/prop/direct/P4638,p39213.htm#i392125,p39213.htm#i392125
http://www.wikidata.org/entity/Q75901781,Janet Dunbar,p39213.htm#i392125,1422-01-01T00:00:00Z,,,http://www.wikidata.org/prop/direct/P569,http://www.wikidata.org/prop/direct/P569,1422-01-01T00:00:00Z,1422-01-01T00:00:00Z
http://www.wikidata.org/entity/Q75901781,Janet Dunbar,p39213.htm#i392125,1422-01-01T00:00:00Z,,,http://www.wikidata.org/prop/direct/P735,http://www.wikidata.org/prop/direct/P735,http://www.wikidata.org/entity/Q13553631,Janet
http://www.wikidata.org/entity/Q75901904,Sir John Bisset of the Aird,p39222.htm#i392214,1220-01-01T00:00:00Z,1259-01-01T00:00:00Z,,http://www.wikidata.org/prop/direct/P21,http://www.wikidata.org/prop/direct/P21,http://www.wikidata.org/entity/Q6581097,male
http://www.wikidata.org/entity/Q75901904,Sir John Bisset of the Aird,p39222.htm#i392214,1220-01-01T00:00:00Z,1259-01-01T00:00:00Z,,http://www.wikidata.org/prop/direct/P31,http://www.wikidata.org/prop/direct/P31,http://www.wikidata.org/entity/Q5,human
http://www.wikidata.org/entity/Q75901904,Sir John Bisset of the Aird,p39222.htm#i392214,1220-01-01T00:00:00Z,1259-01-01T00:00:00Z,,http://www.wikidata.org/prop/direct/P40,http://www.wikidata.org/prop/direct/P40,http://www.wikidata.org/entity/Q76144193,Elizabeth Bisset
http://www.wikidata.org/entity/Q75901904,Sir John Bisset of the Aird,p39222.htm#i392214,1220-01-01T00:00:00Z,1259-01-01T00:00:00Z,,http://www.wikidata.org/prop/direct/P2949,http://www.wikidata.org/prop/direct/P2949,Bisset-106,Bisset-106
http://www.wikidata.org/entity/Q75901904,Sir John Bisset of the Aird,p39222.htm#i392214,1220-01-01T00:00:00Z,1259-01-01T00:00:00Z,,http://www.wikidata.org/prop/direct/P4638,http://www.wikidata.org/prop/direct/P4638,p39222.htm#i392214,p39222.htm#i392214
http://www.wikidata.org/entity/Q75901904,Sir John Bisset of the Aird,p39222.htm#i392214,1220-01-01T00:00:00Z,1259-01-01T00:00:00Z,,http://www.wikidata.org/prop/direct/P511,http://www.wikidata.org/prop/direct/P511,http://www.wikidata.org/entity/Q209690,Sir
http://www.wikidata.org/entity/Q75901904,Sir John Bisset of the Aird,p39222.htm#i392214,1220-01-01T00:00:00Z,1259-01-01T00:00:00Z,,http://www.wikidata.org/prop/direct/P569,http://www.wikidata.org/prop/direct/P569,1220-01-01T00:00:00Z,1220-01-01T00:00:00Z
http://www.wikidata.org/entity/Q75901904,Sir John Bisset of the Aird,p39222.htm#i392214,1220-01-01T00:00:00Z,1259-01-01T00:00:00Z,,http://www.wikidata.org/prop/direct/P570,http://www.wikidata.org/prop/direct/P570,1259-01-01T00:00:00Z,1259-01-01T00:00:00Z
http://www.wikidata.org/entity/Q75901904,Sir John Bisset of the Aird,p39222.htm#i392214,1220-01-01T00:00:00Z,1259-01-01T00:00:00Z,,http://www.wikidata.org/prop/direct/P734,http://www.wikidata.org/prop/direct/P734,http://www.wikidata.org/entity/Q21492020,Bisset
http://www.wikidata.org/entity/Q75901904,Sir John Bisset of the Aird,p39222.htm#i392214,1220-01-01T00:00:00Z,1259-01-01T00:00:00Z,,http://www.wikidata.org/prop/direct/P735,http://www.wikidata.org/prop/direct/P735,http://www.wikidata.org/entity/Q4925477,John
http://www.wikidata.org/entity/Q75902,"Herman IX, Margrave of Baden-Eberstein",p15193.htm#i151924,1350-01-01T00:00:00Z,1353-04-13T00:00:00Z,,http://www.wikidata.org/prop/direct/P106,http://www.wikidata.org/prop/direct/P106,http://www.wikidata.org/entity/Q1097498,ruler
http://www.wikidata.org/entity/Q75902,"Herman IX, Margrave of Baden-Eberstein",p15193.htm#i151924,1350-01-01T00:00:00Z,1353-01-01T00:00:00Z,,http://www.wikidata.org/prop/direct/P106,http://www.wikidata.org/prop/direct/P106,http://www.wikidata.org/entity/Q1097498,ruler
http://www.wikidata.org/entity/Q75902,"Herman IX, Margrave of Baden-Eberstein",p15193.htm#i151924,1350-01-01T00:00:00Z,1353-04-13T00:00:00Z,,http://www.wikidata.org/prop/direct/P18,http://www.wikidata.org/prop/direct/P18,http://commons.wikimedia.org/wiki/Special:FilePath/Herman7%20of%20Baden.jpg,http://commons.wikimedia.org/wiki/Special:FilePath/Herman7%20of%20Baden.jpg
http://www.wikidata.org/entity/Q75902,"Herman IX, Margrave of Baden-Eberstein",p15193.htm#i151924,1350-01-01T00:00:00Z,1353-01-01T00:00:00Z,,http://www.wikidata.org/prop/direct/P18,http://www.wikidata.org/prop/direct/P18,http://commons.wikimedia.org/wiki/Special:FilePath/Herman7%20of%20Baden.jpg,http://commons.wikimedia.org/wiki/Special:FilePath/Herman7%20of%20Baden.jpg
http://www.wikidata.org/entity/Q75902,"Herman IX, Margrave of Baden-Eberstein",p15193.htm#i151924,1350-01-01T00:00:00Z,1353-04-13T00:00:00Z,,http://www.wikidata.org/prop/direct/P21,http://www.wikidata.org/prop/direct/P21,http://www.wikidata.org/entity/Q6581097,male
http://www.wikidata.org/entity/Q75902,"Herman IX, Margrave of Baden-Eberstein",p15193.htm#i151924,1350-01-01T00:00:00Z,1353-01-01T00:00:00Z,,http://www.wikidata.org/prop/direct/P21,http://www.wikidata.org/prop/direct/P21,http://www.wikidata.org/entity/Q6581097,male
http://www.wikidata.org/entity/Q75902,"Herman IX, Margrave of Baden-Eberstein",p15193.htm#i151924,1350-01-01T00:00:00Z,1353-04-13T00:00:00Z,,http://www.wikidata.org/prop/direct/P22,http://www.wikidata.org/prop/direct/P22,http://www.wikidata.org/entity/Q458062,"Frederick II, Margrave of Baden-Eberstein"
http://www.wikidata.org/entity/Q75902,"Herman IX, Margrave of Baden-Eberstein",p15193.htm#i151924,1350-01-01T00:00:00Z,1353-01-01T00:00:00Z,,http://www.wikidata.org/prop/direct/P22,http://www.wikidata.org/prop/direct/P22,http://www.wikidata.org/entity/Q458062,"Frederick II, Margrave of Baden-Eberstein"
http://www.wikidata.org/entity/Q75902,"Herman IX, Margrave of Baden-Eberstein",p15193.htm#i151924,1350-01-01T00:00:00Z,1353-04-13T00:00:00Z,,http://www.wikidata.org/prop/direct/P25,http://www.wikidata.org/prop/direct/P25,http://www.wikidata.org/entity/Q132802049,Agnes von Weinsberg
http://www.wikidata.org/entity/Q75902,"Herman IX, Margrave of Baden-Eberstein",p15193.htm#i151924,1350-01-01T00:00:00Z,1353-01-01T00:00:00Z,,http://www.wikidata.org/prop/direct/P25,http://www.wikidata.org/prop/direct/P25,http://www.wikidata.org/entity/Q132802049,Agnes von Weinsberg
http://www.wikidata.org/entity/Q75902,"Herman IX, Margrave of Baden-Eberstein",p15193.htm#i151924,1350-01-01T00:00:00Z,1353-04-13T00:00:00Z,,http://www.wikidata.org/prop/direct/P27,http://www.wikidata.org/prop/direct/P27,http://www.wikidata.org/entity/Q183,Germany
http://www.wikidata.org/entity/Q75902,"Herman IX, Margrave of Baden-Eberstein",p15193.htm#i151924,1350-01-01T00:00:00Z,1353-01-01T00:00:00Z,,http://www.wikidata.org/prop/direct/P27,http://www.wikidata.org/prop/direct/P27,http://www.wikidata.org/entity/Q183,Germany
http://www.wikidata.org/entity/Q75902,"Herman IX, Margrave of Baden-Eberstein",p15193.htm#i151924,1350-01-01T00:00:00Z,1353-04-13T00:00:00Z,,http://www.wikidata.org/prop/direct/P31,http://www.wikidata.org/prop/direct/P31,http://www.wikidata.org/entity/Q5,human
http://www.wikidata.org/entity/Q75902,"Herman IX, Margrave of Baden-Eberstein",p15193.htm#i151924,1350-01-01T00:00:00Z,1353-01-01T00:00:00Z,,http://www.wikidata.org/prop/direct/P31,http://www.wikidata.org/prop/direct/P31,http://www.wikidata.org/entity/Q5,human
http://www.wikidata.org/entity/Q75902,"Herman IX, Margrave of Baden-Eberstein",p15193.htm#i151924,1350-01-01T00:00:00Z,1353-04-13T00:00:00Z,,http://www.wikidata.org/prop/direct/P40,http://www.wikidata.org/prop/direct/P40,http://www.wikidata.org/entity/Q3089898,Frédéric IV de Bade
http://www.wikidata.org/entity/Q75902,"Herman IX, Margrave of Baden-Eberstein",p15193.htm#i151924,1350-01-01T00:00:00Z,1353-01-01T00:00:00Z,,http://www.wikidata.org/prop/direct/P40,http://www.wikidata.org/prop/direct/P40,http://www.wikidata.org/entity/Q3089898,Frédéric IV de Bade
http://www.wikidata.org/entity/Q75902,"Herman IX, Margrave of Baden-Eberstein",p15193.htm#i151924,1350-01-01T00:00:00Z,1353-04-13T00:00:00Z,,http://www.wikidata.org/prop/direct/P53,http://www.wikidata.org/prop/direct/P53,http://www.wikidata.org/entity/Q247331,House of Zähringen
http://www.wikidata.org/entity/Q75902,"Herman IX, Margrave of Baden-Eberstein",p15193.htm#i151924,1350-01-01T00:00:00Z,1353-01-01T00:00:00Z,,http://www.wikidata.org/prop/direct/P53,http://www.wikidata.org/prop/direct/P53,http://www.wikidata.org/entity/Q247331,House of Zähringen
http://www.wikidata.org/entity/Q75902,"Herman IX, Margrave of Baden-Eberstein",p15193.htm#i151924,1350-01-01T00:00:00Z,1353-04-13T00:00:00Z,,http://www.wikidata.org/prop/direct/P97,http://www.wikidata.org/prop/direct/P97,http://www.wikidata.org/entity/Q157802,margrave
http://www.wikidata.org/entity/Q75902,"Herman IX, Margrave of Baden-Eberstein",p15193.htm#i151924,1350-01-01T00:00:00Z,1353-01-01T00:00:00Z,,http://www.wikidata.org/prop/direct/P97,http://www.wikidata.org/prop/direct/P97,http://www.wikidata.org/entity/Q157802,margrave
http://www.wikidata.org/entity/Q75902,"Herman IX, Margrave of Baden-Eberstein",p15193.htm#i151924,1350-01-01T00:00:00Z,1353-01-01T00:00:00Z,,http://www.wikidata.org/prop/direct/P1185,http://www.wikidata.org/prop/direct/P1185,616833,616833
http://www.wikidata.org/entity/Q75902,"Herman IX, Margrave of Baden-Eberstein",p15193.htm#i151924,1350-01-01T00:00:00Z,1353-04-13T00:00:00Z,,http://www.wikidata.org/prop/direct/P1185,http://www.wikidata.org/prop/direct/P1185,616833,616833
http://www.wikidata.org/entity/Q75902,"Herman IX, Margrave of Baden-Eberstein",p15193.htm#i151924,1350-01-01T00:00:00Z,1353-01-01T00:00:00Z,,http://www.wikidata.org/prop/direct/P1412,http://www.wikidata.org/prop/direct/P1412,http://www.wikidata.org/entity/Q188,German
http://www.wikidata.org/entity/Q75902,"Herman IX, Margrave of Baden-Eberstein",p15193.htm#i151924,1350-01-01T00:00:00Z,1353-04-13T00:00:00Z,,http://www.wikidata.org/prop/direct/P1412,http://www.wikidata.org/prop/direct/P1412,http://www.wikidata.org/entity/Q188,German
http://www.wikidata.org/entity/Q75902,"Herman IX, Margrave of Baden-Eberstein",p15193.htm#i151924,1350-01-01T00:00:00Z,1353-01-01T00:00:00Z,,http://www.wikidata.org/prop/direct/P1819,http://www.wikidata.org/prop/direct/P1819,I00106398,I00106398
http://www.wikidata.org/entity/Q75902,"Herman IX, Margrave of Baden-Eberstein",p15193.htm#i151924,1350-01-01T00:00:00Z,1353-04-13T00:00:00Z,,http://www.wikidata.org/prop/direct/P1819,http://www.wikidata.org/prop/direct/P1819,I00106398,I00106398
http://www.wikidata.org/entity/Q75902,"Herman IX, Margrave of Baden-Eberstein",p15193.htm#i151924,1350-01-01T00:00:00Z,1353-01-01T00:00:00Z,,http://www.wikidata.org/prop/direct/P3368,http://www.wikidata.org/prop/direct/P3368,2348268,2348268
http://www.wikidata.org/entity/Q75902,"Herman IX, Margrave of Baden-Eberstein",p15193.htm#i151924,1350-01-01T00:00:00Z,1353-04-13T00:00:00Z,,http://www.wikidata.org/prop/direct/P3368,http://www.wikidata.org/prop/direct/P3368,2348268,2348268
http://www.wikidata.org/entity/Q75902,"Herman IX, Margrave of Baden-Eberstein",p15193.htm#i151924,1350-01-01T00:00:00Z,1353-04-13T00:00:00Z,,http://www.wikidata.org/prop/direct/P373,http://www.wikidata.org/prop/direct/P373,"Herman IX, Margrave of Baden-Eberstein","Herman IX, Margrave of Baden-Eberstein"
http://www.wikidata.org/entity/Q75902,"Herman IX, Margrave of Baden-Eberstein",p15193.htm#i151924,1350-01-01T00:00:00Z,1353-01-01T00:00:00Z,,http://www.wikidata.org/prop/direct/P373,http://www.wikidata.org/prop/direct/P373,"Herman IX, Margrave of Baden-Eberstein","Herman IX, Margrave of Baden-Eberstein"
http://www.wikidata.org/entity/Q75902,"Herman IX, Margrave of Baden-Eberstein",p15193.htm#i151924,1350-01-01T00:00:00Z,1353-01-01T00:00:00Z,,http://www.wikidata.org/prop/direct/P4159,http://www.wikidata.org/prop/direct/P4159,"Herman_IX,_Margrave_of_Baden-Eberstein_(1)","Herman_IX,_Margrave_of_Baden-Eberstein_(1)"
http://www.wikidata.org/entity/Q75902,"Herman IX, Margrave of Baden-Eberstein",p15193.htm#i151924,1350-01-01T00:00:00Z,1353-04-13T00:00:00Z,,http://www.wikidata.org/prop/direct/P4159,http://www.wikidata.org/prop/direct/P4159,"Herman_IX,_Margrave_of_Baden-Eberstein_(1)","Herman_IX,_Margrave_of_Baden-Eberstein_(1)"
http://www.wikidata.org/entity/Q75902,"Herman IX, Margrave of Baden-Eberstein",p15193.htm#i151924,1350-01-01T00:00:00Z,1353-01-01T00:00:00Z,,http://www.wikidata.org/prop/direct/P4638,http://www.wikidata.org/prop/direct/P4638,p15193.htm#i151924,p15193.htm#i151924
http://www.wikidata.org/entity/Q75902,"Herman IX, Margrave of Baden-Eberstein",p15193.htm#i151924,1350-01-01T00:00:00Z,1353-04-13T00:00:00Z,,http://www.wikidata.org/prop/direct/P4638,http://www.wikidata.org/prop/direct/P4638,p15193.htm#i151924,p15193.htm#i151924
http://www.wikidata.org/entity/Q75902,"Herman IX, Margrave of Baden-Eberstein",p15193.htm#i151924,1350-01-01T00:00:00Z,1353-04-13T00:00:00Z,,http://www.wikidata.org/prop/direct/P569,http://www.wikidata.org/prop/direct/P569,1350-01-01T00:00:00Z,1350-01-01T00:00:00Z
http://www.wikidata.org/entity/Q75902,"Herman IX, Margrave of Baden-Eberstein",p15193.htm#i151924,1350-01-01T00:00:00Z,1353-01-01T00:00:00Z,,http://www.wikidata.org/prop/direct/P569,http://www.wikidata.org/prop/direct/P569,1350-01-01T00:00:00Z,1350-01-01T00:00:00Z
http://www.wikidata.org/entity/Q75902,"Herman IX, Margrave of Baden-Eberstein",p15193.htm#i151924,1350-01-01T00:00:00Z,1353-01-01T00:00:00Z,,http://www.wikidata.org/prop/direct/P570,http://www.wikidata.org/prop/direct/P570,1353-01-01T00:00:00Z,1353-01-01T00:00:00Z
http://www.wikidata.org/entity/Q75902,"Herman IX, Margrave of Baden-Eberstein",p15193.htm#i151924,1350-01-01T00:00:00Z,1353-04-13T00:00:00Z,,http://www.wikidata.org/prop/direct/P570,http://www.wikidata.org/prop/direct/P570,1353-01-01T00:00:00Z,1353-01-01T00:00:00Z
http://www.wikidata.org/entity/Q75902,"Herman IX, Margrave of Baden-Eberstein",p15193.htm#i151924,1350-01-01T00:00:00Z,1353-01-01T00:00:00Z,,http://www.wikidata.org/prop/direct/P570,http://www.wikidata.org/prop/direct/P570,1353-04-13T00:00:00Z,1353-04-13T00:00:00Z
http://www.wikidata.org/entity/Q75902,"Herman IX, Margrave of Baden-Eberstein",p15193.htm#i151924,1350-01-01T00:00:00Z,1353-04-13T00:00:00Z,,http://www.wikidata.org/prop/direct/P570,http://www.wikidata.org/prop/direct/P570,1353-04-13T00:00:00Z,1353-04-13T00:00:00Z
http://www.wikidata.org/entity/Q75902,"Herman IX, Margrave of Baden-Eberstein",p15193.htm#i151924,1350-01-01T00:00:00Z,1353-01-01T00:00:00Z,,http://www.wikidata.org/prop/direct/P646,http://www.wikidata.org/prop/direct/P646,/m/0n47ddj,/m/0n47ddj
http://www.wikidata.org/entity/Q75902,"Herman IX, Margrave of Baden-Eberstein",p15193.htm#i151924,1350-01-01T00:00:00Z,1353-04-13T00:00:00Z,,http://www.wikidata.org/prop/direct/P646,http://www.wikidata.org/prop/direct/P646,/m/0n47ddj,/m/0n47ddj
http://www.wikidata.org/entity/Q75902,"Herman IX, Margrave of Baden-Eberstein",p15193.htm#i151924,1350-01-01T00:00:00Z,1353-01-01T00:00:00Z,,http://www.wikidata.org/prop/direct/P735,http://www.wikidata.org/prop/direct/P735,http://www.wikidata.org/entity/Q16276646,Herman
http://www.wikidata.org/entity/Q75902,"Herman IX, Margrave of Baden-Eberstein",p15193.htm#i151924,1350-01-01T00:00:00Z,1353-04-13T00:00:00Z,,http://www.wikidata.org/prop/direct/P735,http://www.wikidata.org/prop/direct/P735,http://www.wikidata.org/entity/Q16276646,Herman
http://www.wikidata.org/entity/Q75902,"Herman IX, Margrave of Baden-Eberstein",p15193.htm#i151924,1350-01-01T00:00:00Z,1353-01-01T00:00:00Z,,http://www.wikidata.org/prop/direct/P7929,http://www.wikidata.org/prop/direct/P7929,p=hermann;n=zahringen;oc=9,p=hermann;n=zahringen;oc=9
http://www.wikidata.org/entity/Q75902,"Herman IX, Margrave of Baden-Eberstein",p15193.htm#i151924,1350-01-01T00:00:00Z,1353-04-13T00:00:00Z,,http://www.wikidata.org/prop/direct/P7929,http://www.wikidata.org/prop/direct/P7929,p=hermann;n=zahringen;oc=9,p=hermann;n=zahringen;oc=9
http://www.wikidata.org/entity/Q75902122,Aline (?),p39237.htm#i392363,1136-01-01T00:00:00Z,1179-08-20T00:00:00Z,,http://www.wikidata.org/prop/direct/P21,http://www.wikidata.org/prop/direct/P21,http://www.wikidata.org/entity/Q6581072,female
http://www.wikidata.org/entity/Q75902122,Aline (?),p39237.htm#i392363,1136-01-01T00:00:00Z,1179-08-20T00:00:00Z,,http://www.wikidata.org/prop/direct/P26,http://www.wikidata.org/prop/direct/P26,http://www.wikidata.org/entity/Q7966648,"Waltheof, Earl of Dunbar"
http://www.wikidata.org/entity/Q75902122,Aline (?),p39237.htm#i392363,1136-01-01T00:00:00Z,1179-08-20T00:00:00Z,,http://www.wikidata.org/prop/direct/P31,http://www.wikidata.org/prop/direct/P31,http://www.wikidata.org/entity/Q5,human
http://www.wikidata.org/entity/Q75902122,Aline (?),p39237.htm#i392363,1136-01-01T00:00:00Z,1179-08-20T00:00:00Z,,http://www.wikidata.org/prop/direct/P40,http://www.wikidata.org/prop/direct/P40,http://www.wikidata.org/entity/Q7146785,"Patrick I, Earl of Dunbar"
http://www.wikidata.org/entity/Q75902122,Aline (?),p39237.htm#i392363,1136-01-01T00:00:00Z,1179-08-20T00:00:00Z,,http://www.wikidata.org/prop/direct/P1819,http://www.wikidata.org/prop/direct/P1819,I00164968,I00164968
http://www.wikidata.org/entity/Q75902122,Aline (?),p39237.htm#i392363,1136-01-01T00:00:00Z,1179-08-20T00:00:00Z,,http://www.wikidata.org/prop/direct/P2949,http://www.wikidata.org/prop/direct/P2949,UNKNOWN-59002,UNKNOWN-59002
http://www.wikidata.org/entity/Q75902122,Aline (?),p39237.htm#i392363,1136-01-01T00:00:00Z,1179-08-20T00:00:00Z,,http://www.wikidata.org/prop/direct/P4638,http://www.wikidata.org/prop/direct/P4638,p39237.htm#i392363,p39237.htm#i392363
http://www.wikidata.org/entity/Q75902122,Aline (?),p39237.htm#i392363,1136-01-01T00:00:00Z,1179-08-20T00:00:00Z,,http://www.wikidata.org/prop/direct/P569,http://www.wikidata.org/prop/direct/P569,1136-01-01T00:00:00Z,1136-01-01T00:00:00Z
http://www.wikidata.org/entity/Q75902122,Aline (?),p39237.htm#i392363,1136-01-01T00:00:00Z,1179-08-20T00:00:00Z,,http://www.wikidata.org/prop/direct/P570,http://www.wikidata.org/prop/direct/P570,1179-08-20T00:00:00Z,1179-08-20T00:00:00Z
http://www.wikidata.org/entity/Q75902122,Aline (?),p39237.htm#i392363,1136-01-01T00:00:00Z,1179-08-20T00:00:00Z,,http://www.wikidata.org/prop/direct/P735,http://www.wikidata.org/prop/direct/P735,http://www.wikidata.org/entity/Q18180444,Aline
http://www.wikidata.org/entity/Q75902122,Aline (?),p39237.htm#i392363,1136-01-01T00:00:00Z,1179-08-20T00:00:00Z,,http://www.wikidata.org/prop/direct/P7929,http://www.wikidata.org/prop/direct/P7929,p=aline;n=n;oc=3,p=aline;n=n;oc=3
http://www.wikidata.org/entity/Q75902144,Patrick Dunbar,p39238.htm#i392378,1304-01-01T00:00:00Z,,,http://www.wikidata.org/prop/direct/P21,http://www.wikidata.org/prop/direct/P21,http://www.wikidata.org/entity/Q6581097,male
http://www.wikidata.org/entity/Q75902144,Patrick Dunbar,p39238.htm#i392378,1304-01-01T00:00:00Z,,,http://www.wikidata.org/prop/direct/P22,http://www.wikidata.org/prop/direct/P22,http://www.wikidata.org/entity/Q7147771,"Patrick V, Earl of March"
http://www.wikidata.org/entity/Q75902144,Patrick Dunbar,p39238.htm#i392378,1304-01-01T00:00:00Z,,,http://www.wikidata.org/prop/direct/P25,http://www.wikidata.org/prop/direct/P25,http://www.wikidata.org/entity/Q75902142,Ermengarde (?)
http://www.wikidata.org/entity/Q75902144,Patrick Dunbar,p39238.htm#i392378,1304-01-01T00:00:00Z,,,http://www.wikidata.org/prop/direct/P31,http://www.wikidata.org/prop/direct/P31,http://www.wikidata.org/entity/Q5,human
http://www.wikidata.org/entity/Q75902144,Patrick Dunbar,p39238.htm#i392378,1304-01-01T00:00:00Z,,,http://www.wikidata.org/prop/direct/P2949,http://www.wikidata.org/prop/direct/P2949,Dunbar-2178,Dunbar-2178
http://www.wikidata.org/entity/Q75902144,Patrick Dunbar,p39238.htm#i392378,1304-01-01T00:00:00Z,,,http://www.wikidata.org/prop/direct/P4638,http://www.wikidata.org/prop/direct/P4638,p39238.htm#i392378,p39238.htm#i392378
http://www.wikidata.org/entity/Q75902144,Patrick Dunbar,p39238.htm#i392378,1304-01-01T00:00:00Z,,,http://www.wikidata.org/prop/direct/P569,http://www.wikidata.org/prop/direct/P569,1304-01-01T00:00:00Z,1304-01-01T00:00:00Z
http://www.wikidata.org/entity/Q75902144,Patrick Dunbar,p39238.htm#i392378,1304-01-01T00:00:00Z,,,http://www.wikidata.org/prop/direct/P735,http://www.wikidata.org/prop/direct/P735,http://www.wikidata.org/entity/Q18002623,Patrick
http://www.wikidata.org/entity/Q75902166,"Thomas Dunbar, 3rd Earl of Moray",p39240.htm#i392397,1393-01-01T00:00:00Z,1427-01-01T00:00:00Z,,http://www.wikidata.org/prop/direct/P21,http://www.wikidata.org/prop/direct/P21,http://www.wikidata.org/entity/Q6581097,male
http://www.wikidata.org/entity/Q75902166,"Thomas Dunbar, 3rd Earl of Moray",p39240.htm#i392397,1393-01-01T00:00:00Z,1427-01-01T00:00:00Z,,http://www.wikidata.org/prop/direct/P22,http://www.wikidata.org/prop/direct/P22,http://www.wikidata.org/entity/Q7619245,"Thomas Dunbar, 5th Earl of Moray"
http://www.wikidata.org/entity/Q75902166,"Thomas Dunbar, 3rd Earl of Moray",p39240.htm#i392397,1393-01-01T00:00:00Z,1427-01-01T00:00:00Z,,http://www.wikidata.org/prop/direct/P25,http://www.wikidata.org/prop/direct/P25,http://www.wikidata.org/entity/Q75388272,Margaret (?)
http://www.wikidata.org/entity/Q75902166,"Thomas Dunbar, 3rd Earl of Moray",p39240.htm#i392397,1393-01-01T00:00:00Z,1427-01-01T00:00:00Z,,http://www.wikidata.org/prop/direct/P26,http://www.wikidata.org/prop/direct/P26,http://www.wikidata.org/entity/Q76301777,Margaret Seton
http://www.wikidata.org/entity/Q75902166,"Thomas Dunbar, 3rd Earl of Moray",p39240.htm#i392397,1393-01-01T00:00:00Z,1427-01-01T00:00:00Z,,http://www.wikidata.org/prop/direct/P31,http://www.wikidata.org/prop/direct/P31,http://www.wikidata.org/entity/Q5,human
http://www.wikidata.org/entity/Q75902166,"Thomas Dunbar, 3rd Earl of Moray",p39240.htm#i392397,1393-01-01T00:00:00Z,1427-01-01T00:00:00Z,,http://www.wikidata.org/prop/direct/P2949,http://www.wikidata.org/prop/direct/P2949,Dunbar-4283,Dunbar-4283
http://www.wikidata.org/entity/Q75902166,"Thomas Dunbar, 3rd Earl of Moray",p39240.htm#i392397,1393-01-01T00:00:00Z,1427-01-01T00:00:00Z,,http://www.wikidata.org/prop/direct/P4638,http://www.wikidata.org/prop/direct/P4638,p39240.htm#i392397,p39240.htm#i392397
http://www.wikidata.org/entity/Q75902166,"Thomas Dunbar, 3rd Earl of Moray",p39240.htm#i392397,1393-01-01T00:00:00Z,1427-01-01T00:00:00Z,,http://www.wikidata.org/prop/direct/P569,http://www.wikidata.org/prop/direct/P569,1393-01-01T00:00:00Z,1393-01-01T00:00:00Z
http://www.wikidata.org/entity/Q75902166,"Thomas Dunbar, 3rd Earl of Moray",p39240.htm#i392397,1393-01-01T00:00:00Z,1427-01-01T00:00:00Z,,http://www.wikidata.org/prop/direct/P570,http://www.wikidata.org/prop/direct/P570,1427-01-01T00:00:00Z,1427-01-01T00:00:00Z
http://www.wikidata.org/entity/Q75902166,"Thomas Dunbar, 3rd Earl of Moray",p39240.htm#i392397,1393-01-01T00:00:00Z,1427-01-01T00:00:00Z,,http://www.wikidata.org/prop/direct/P734,http://www.wikidata.org/prop/direct/P734,http://www.wikidata.org/entity/Q21452734,Dunbar
http://www.wikidata.org/entity/Q75902166,"Thomas Dunbar, 3rd Earl of Moray",p39240.htm#i392397,1393-01-01T00:00:00Z,1427-01-01T00:00:00Z,,http://www.wikidata.org/prop/direct/P735,http://www.wikidata.org/prop/direct/P735,http://www.wikidata.org/entity/Q16428906,Thomas
http://www.wikidata.org/entity/Q75902169,Lady Janet Dunbar,p39240.htm#i392399,1416-01-01T00:00:00Z,1506-01-01T00:00:00Z,,http://www.wikidata.org/prop/direct/P21,http://www.wikidata.org/prop/direct/P21,http://www.wikidata.org/entity/Q6581072,female
http://www.wikidata.org/entity/Q75902169,Lady Janet Dunbar,p39240.htm#i392399,1416-01-01T00:00:00Z,1506-01-01T00:00:00Z,,http://www.wikidata.org/prop/direct/P22,http://www.wikidata.org/prop/direct/P22,http://www.wikidata.org/entity/Q75269391,"James Dunbar, 4th Earl of Moray"
http://www.wikidata.org/entity/Q75902169,Lady Janet Dunbar,p39240.htm#i392399,1416-01-01T00:00:00Z,1506-01-01T00:00:00Z,,http://www.wikidata.org/prop/direct/P25,http://www.wikidata.org/prop/direct/P25,http://www.wikidata.org/entity/Q75240494,Janet Seton
http://www.wikidata.org/entity/Q75902169,Lady Janet Dunbar,p39240.htm#i392399,1416-01-01T00:00:00Z,1506-01-01T00:00:00Z,,http://www.wikidata.org/prop/direct/P26,http://www.wikidata.org/prop/direct/P26,http://www.wikidata.org/entity/Q75661062,"James Crichton, 2nd Lord Crichton"
http://www.wikidata.org/entity/Q75902169,Lady Janet Dunbar,p39240.htm#i392399,1416-01-01T00:00:00Z,1506-01-01T00:00:00Z,,http://www.wikidata.org/prop/direct/P26,http://www.wikidata.org/prop/direct/P26,http://www.wikidata.org/entity/Q75902170,John Sutherland
http://www.wikidata.org/entity/Q75902169,Lady Janet Dunbar,p39240.htm#i392399,1416-01-01T00:00:00Z,1506-01-01T00:00:00Z,,http://www.wikidata.org/prop/direct/P31,http://www.wikidata.org/prop/direct/P31,http://www.wikidata.org/entity/Q5,human
http://www.wikidata.org/entity/Q75902169,Lady Janet Dunbar,p39240.htm#i392399,1416-01-01T00:00:00Z,1506-01-01T00:00:00Z,,http://www.wikidata.org/prop/direct/P40,http://www.wikidata.org/prop/direct/P40,http://www.wikidata.org/entity/Q75902172,Alexander Sutherland
http://www.wikidata.org/entity/Q75902169,Lady Janet Dunbar,p39240.htm#i392399,1416-01-01T00:00:00Z,1506-01-01T00:00:00Z,,http://www.wikidata.org/prop/direct/P40,http://www.wikidata.org/prop/direct/P40,http://www.wikidata.org/entity/Q76012192,"William Crichton, 3rd Lord Crichton"
http://www.wikidata.org/entity/Q75902169,Lady Janet Dunbar,p39240.htm#i392399,1416-01-01T00:00:00Z,1506-01-01T00:00:00Z,,http://www.wikidata.org/prop/direct/P40,http://www.wikidata.org/prop/direct/P40,http://www.wikidata.org/entity/Q76061593,Gavin Crichton
http://www.wikidata.org/entity/Q75902169,Lady Janet Dunbar,p39240.htm#i392399,1416-01-01T00:00:00Z,1506-01-01T00:00:00Z,,http://www.wikidata.org/prop/direct/P40,http://www.wikidata.org/prop/direct/P40,http://www.wikidata.org/entity/Q76158005,Elizabeth Crichton
http://www.wikidata.org/entity/Q75902169,Lady Janet Dunbar,p39240.htm#i392399,1416-01-01T00:00:00Z,1506-01-01T00:00:00Z,,http://www.wikidata.org/prop/direct/P40,http://www.wikidata.org/prop/direct/P40,http://www.wikidata.org/entity/Q76263326,George Crichton
http://www.wikidata.org/entity/Q75902169,Lady Janet Dunbar,p39240.htm#i392399,1416-01-01T00:00:00Z,1506-01-01T00:00:00Z,,http://www.wikidata.org/prop/direct/P2949,http://www.wikidata.org/prop/direct/P2949,Dunbar-1162,Dunbar-1162
http://www.wikidata.org/entity/Q75902169,Lady Janet Dunbar,p39240.htm#i392399,1416-01-01T00:00:00Z,1506-01-01T00:00:00Z,,http://www.wikidata.org/prop/direct/P4638,http://www.wikidata.org/prop/direct/P4638,p39240.htm#i392399,p39240.htm#i392399
http://www.wikidata.org/entity/Q75902169,Lady Janet Dunbar,p39240.htm#i392399,1416-01-01T00:00:00Z,1506-01-01T00:00:00Z,,http://www.wikidata.org/prop/direct/P569,http://www.wikidata.org/prop/direct/P569,1416-01-01T00:00:00Z,1416-01-01T00:00:00Z
http://www.wikidata.org/entity/Q75902169,Lady Janet Dunbar,p39240.htm#i392399,1416-01-01T00:00:00Z,1506-01-01T00:00:00Z,,http://www.wikidata.org/prop/direct/P570,http://www.wikidata.org/prop/direct/P570,1506-01-01T00:00:00Z,1506-01-01T00:00:00Z
http://www.wikidata.org/entity/Q75902169,Lady Janet Dunbar,p39240.htm#i392399,1416-01-01T00:00:00Z,1506-01-01T00:00:00Z,,http://www.wikidata.org/prop/direct/P734,http://www.wikidata.org/prop/direct/P734,http://www.wikidata.org/entity/Q16884058,Sutherland
http://www.wikidata.org/entity/Q75902169,Lady Janet Dunbar,p39240.htm#i392399,1416-01-01T00:00:00Z,1506-01-01T00:00:00Z,,http://www.wikidata.org/prop/direct/P734,http://www.wikidata.org/prop/direct/P734,http://www.wikidata.org/entity/Q21452734,Dunbar
http://www.wikidata.org/entity/Q75902169,Lady Janet Dunbar,p39240.htm#i392399,1416-01-01T00:00:00Z,1506-01-01T00:00:00Z,,http://www.wikidata.org/prop/direct/P735,http://www.wikidata.org/prop/direct/P735,http://www.wikidata.org/entity/Q13553631,Janet
http://www.wikidata.org/entity/Q75902179,Patrick Dunbar of Cumnock and Mochrum,p39241.htm#i392406,1425-01-01T00:00:00Z,1499-01-01T00:00:00Z,,http://www.wikidata.org/prop/direct/P21,http://www.wikidata.org/prop/direct/P21,http://www.wikidata.org/entity/Q6581097,male
http://www.wikidata.org/entity/Q75902179,Patrick Dunbar of Cumnock and Mochrum,p39241.htm#i392406,1425-01-01T00:00:00Z,1499-01-01T00:00:00Z,,http://www.wikidata.org/prop/direct/P22,http://www.wikidata.org/prop/direct/P22,http://www.wikidata.org/entity/Q75902222,Sir John Dunbar of Cumnock and Mochrum
http://www.wikidata.org/entity/Q75902179,Patrick Dunbar of Cumnock and Mochrum,p39241.htm#i392406,1425-01-01T00:00:00Z,1499-01-01T00:00:00Z,,http://www.wikidata.org/prop/direct/P31,http://www.wikidata.org/prop/direct/P31,http://www.wikidata.org/entity/Q5,human
http://www.wikidata.org/entity/Q75902179,Patrick Dunbar of Cumnock and Mochrum,p39241.htm#i392406,1425-01-01T00:00:00Z,1499-01-01T00:00:00Z,,http://www.wikidata.org/prop/direct/P40,http://www.wikidata.org/prop/direct/P40,http://www.wikidata.org/entity/Q75902183,Eupheme Dunbar
http://www.wikidata.org/entity/Q75902179,Patrick Dunbar of Cumnock and Mochrum,p39241.htm#i392406,1425-01-01T00:00:00Z,1499-01-01T00:00:00Z,,http://www.wikidata.org/prop/direct/P40,http://www.wikidata.org/prop/direct/P40,http://www.wikidata.org/entity/Q75902237,Margaret Dunbar
http://www.wikidata.org/entity/Q75902179,Patrick Dunbar of Cumnock and Mochrum,p39241.htm#i392406,1425-01-01T00:00:00Z,1499-01-01T00:00:00Z,,http://www.wikidata.org/prop/direct/P40,http://www.wikidata.org/prop/direct/P40,http://www.wikidata.org/entity/Q75922001,Janet Dunbar
http://www.wikidata.org/entity/Q75902179,Patrick Dunbar of Cumnock and Mochrum,p39241.htm#i392406,1425-01-01T00:00:00Z,1499-01-01T00:00:00Z,,http://www.wikidata.org/prop/direct/P1819,http://www.wikidata.org/prop/direct/P1819,I00546835,I00546835
http://www.wikidata.org/entity/Q75902179,Patrick Dunbar of Cumnock and Mochrum,p39241.htm#i392406,1425-01-01T00:00:00Z,1499-01-01T00:00:00Z,,http://www.wikidata.org/prop/direct/P2949,http://www.wikidata.org/prop/direct/P2949,Dunbar-1668,Dunbar-1668
http://www.wikidata.org/entity/Q75902179,Patrick Dunbar of Cumnock and Mochrum,p39241.htm#i392406,1425-01-01T00:00:00Z,1499-01-01T00:00:00Z,,http://www.wikidata.org/prop/direct/P4638,http://www.wikidata.org/prop/direct/P4638,p39241.htm#i392406,p39241.htm#i392406
http://www.wikidata.org/entity/Q75902179,Patrick Dunbar of Cumnock and Mochrum,p39241.htm#i392406,1425-01-01T00:00:00Z,1499-01-01T00:00:00Z,,http://www.wikidata.org/prop/direct/P569,http://www.wikidata.org/prop/direct/P569,1425-01-01T00:00:00Z,1425-01-01T00:00:00Z
http://www.wikidata.org/entity/Q75902179,Patrick Dunbar of Cumnock and Mochrum,p39241.htm#i392406,1425-01-01T00:00:00Z,1499-01-01T00:00:00Z,,http://www.wikidata.org/prop/direct/P570,http://www.wikidata.org/prop/direct/P570,1499-01-01T00:00:00Z,1499-01-01T00:00:00Z
http://www.wikidata.org/entity/Q75902179,Patrick Dunbar of Cumnock and Mochrum,p39241.htm#i392406,1425-01-01T00:00:00Z,1499-01-01T00:00:00Z,,http://www.wikidata.org/prop/direct/P735,http://www.wikidata.org/prop/direct/P735,http://www.wikidata.org/entity/Q18002623,Patrick
http://www.wikidata.org/entity/Q75902180,Isobel Sutherland,p39241.htm#i392407,1430-01-01T00:00:00Z,1505-11-11T00:00:00Z,,http://www.wikidata.org/prop/direct/P21,http://www.wikidata.org/prop/direct/P21,http://www.wikidata.org/entity/Q6581072,female
http://www.wikidata.org/entity/Q75902180,Isobel Sutherland,p39241.htm#i392407,1430-01-01T00:00:00Z,1505-11-11T00:00:00Z,,http://www.wikidata.org/prop/direct/P22,http://www.wikidata.org/prop/direct/P22,http://www.wikidata.org/entity/Q75901725,"Alexander Sutherland, 3rd of Duffus"
http://www.wikidata.org/entity/Q75902180,Isobel Sutherland,p39241.htm#i392407,1430-01-01T00:00:00Z,1505-11-11T00:00:00Z,,http://www.wikidata.org/prop/direct/P25,http://www.wikidata.org/prop/direct/P25,http://www.wikidata.org/entity/Q75901727,Morella Chisholm
http://www.wikidata.org/entity/Q75902180,Isobel Sutherland,p39241.htm#i392407,1430-01-01T00:00:00Z,1505-11-11T00:00:00Z,,http://www.wikidata.org/prop/direct/P31,http://www.wikidata.org/prop/direct/P31,http://www.wikidata.org/entity/Q5,human
http://www.wikidata.org/entity/Q75902180,Isobel Sutherland,p39241.htm#i392407,1430-01-01T00:00:00Z,1505-11-11T00:00:00Z,,http://www.wikidata.org/prop/direct/P40,http://www.wikidata.org/prop/direct/P40,http://www.wikidata.org/entity/Q75715055,Sir John Dunbar of Mochrum
http://www.wikidata.org/entity/Q75902180,Isobel Sutherland,p39241.htm#i392407,1430-01-01T00:00:00Z,1505-11-11T00:00:00Z,,http://www.wikidata.org/prop/direct/P40,http://www.wikidata.org/prop/direct/P40,http://www.wikidata.org/entity/Q75715177,Alexander Dunbar of Conzie and Kilbuyack
http://www.wikidata.org/entity/Q75902180,Isobel Sutherland,p39241.htm#i392407,1430-01-01T00:00:00Z,1505-11-11T00:00:00Z,,http://www.wikidata.org/prop/direct/P40,http://www.wikidata.org/prop/direct/P40,http://www.wikidata.org/entity/Q75747269,Margaret Dunbar
http://www.wikidata.org/entity/Q75902180,Isobel Sutherland,p39241.htm#i392407,1430-01-01T00:00:00Z,1505-11-11T00:00:00Z,,http://www.wikidata.org/prop/direct/P40,http://www.wikidata.org/prop/direct/P40,http://www.wikidata.org/entity/Q75902182,Sir James Dunbar
http://www.wikidata.org/entity/Q75902180,Isobel Sutherland,p39241.htm#i392407,1430-01-01T00:00:00Z,1505-11-11T00:00:00Z,,http://www.wikidata.org/prop/direct/P40,http://www.wikidata.org/prop/direct/P40,http://www.wikidata.org/entity/Q75902192,Gavin Dunbar
http://www.wikidata.org/entity/Q75902180,Isobel Sutherland,p39241.htm#i392407,1430-01-01T00:00:00Z,1505-11-11T00:00:00Z,,http://www.wikidata.org/prop/direct/P1819,http://www.wikidata.org/prop/direct/P1819,I00389567,I00389567
http://www.wikidata.org/entity/Q75902180,Isobel Sutherland,p39241.htm#i392407,1430-01-01T00:00:00Z,1505-11-11T00:00:00Z,,http://www.wikidata.org/prop/direct/P2949,http://www.wikidata.org/prop/direct/P2949,Sutherland-1973,Sutherland-1973
http://www.wikidata.org/entity/Q75902180,Isobel Sutherland,p39241.htm#i392407,1430-01-01T00:00:00Z,1505-11-11T00:00:00Z,,http://www.wikidata.org/prop/direct/P4638,http://www.wikidata.org/prop/direct/P4638,p39241.htm#i392407,p39241.htm#i392407
http://www.wikidata.org/entity/Q75902180,Isobel Sutherland,p39241.htm#i392407,1430-01-01T00:00:00Z,1505-11-11T00:00:00Z,,http://www.wikidata.org/prop/direct/P569,http://www.wikidata.org/prop/direct/P569,1430-01-01T00:00:00Z,1430-01-01T00:00:00Z
http://www.wikidata.org/entity/Q75902180,Isobel Sutherland,p39241.htm#i392407,1430-01-01T00:00:00Z,1505-11-11T00:00:00Z,,http://www.wikidata.org/prop/direct/P570,http://www.wikidata.org/prop/direct/P570,1505-11-11T00:00:00Z,1505-11-11T00:00:00Z
http://www.wikidata.org/entity/Q75902180,Isobel Sutherland,p39241.htm#i392407,1430-01-01T00:00:00Z,1505-11-11T00:00:00Z,,http://www.wikidata.org/prop/direct/P735,http://www.wikidata.org/prop/direct/P735,http://www.wikidata.org/entity/Q16277155,Isobel
http://www.wikidata.org/entity/Q75902183,Eupheme Dunbar,p39241.htm#i392409,1456-01-01T00:00:00Z,1494-01-01T00:00:00Z,,http://www.wikidata.org/prop/direct/P21,http://www.wikidata.org/prop/direct/P21,http://www.wikidata.org/entity/Q6581072,female
http://www.wikidata.org/entity/Q75902183,Eupheme Dunbar,p39241.htm#i392409,1456-01-01T00:00:00Z,1494-01-01T00:00:00Z,,http://www.wikidata.org/prop/direct/P22,http://www.wikidata.org/prop/direct/P22,http://www.wikidata.org/entity/Q75902179,Patrick Dunbar of Cumnock and Mochrum
http://www.wikidata.org/entity/Q75902183,Eupheme Dunbar,p39241.htm#i392409,1456-01-01T00:00:00Z,1494-01-01T00:00:00Z,,http://www.wikidata.org/prop/direct/P25,http://www.wikidata.org/prop/direct/P25,http://www.wikidata.org/entity/Q75243234,Margaret Boyd
http://www.wikidata.org/entity/Q75902183,Eupheme Dunbar,p39241.htm#i392409,1456-01-01T00:00:00Z,1494-01-01T00:00:00Z,,http://www.wikidata.org/prop/direct/P26,http://www.wikidata.org/prop/direct/P26,http://www.wikidata.org/entity/Q75902182,Sir James Dunbar
http://www.wikidata.org/entity/Q75902183,Eupheme Dunbar,p39241.htm#i392409,1456-01-01T00:00:00Z,1494-01-01T00:00:00Z,,http://www.wikidata.org/prop/direct/P31,http://www.wikidata.org/prop/direct/P31,http://www.wikidata.org/entity/Q5,human
http://www.wikidata.org/entity/Q75902183,Eupheme Dunbar,p39241.htm#i392409,1456-01-01T00:00:00Z,1494-01-01T00:00:00Z,,http://www.wikidata.org/prop/direct/P40,http://www.wikidata.org/prop/direct/P40,http://www.wikidata.org/entity/Q75922007,Christian Dunbar
http://www.wikidata.org/entity/Q75902183,Eupheme Dunbar,p39241.htm#i392409,1456-01-01T00:00:00Z,1494-01-01T00:00:00Z,,http://www.wikidata.org/prop/direct/P40,http://www.wikidata.org/prop/direct/P40,http://www.wikidata.org/entity/Q76319047,Janet Dunbar
http://www.wikidata.org/entity/Q75902183,Eupheme Dunbar,p39241.htm#i392409,1456-01-01T00:00:00Z,1494-01-01T00:00:00Z,,http://www.wikidata.org/prop/direct/P1819,http://www.wikidata.org/prop/direct/P1819,I00170727,I00170727
http://www.wikidata.org/entity/Q75902183,Eupheme Dunbar,p39241.htm#i392409,1456-01-01T00:00:00Z,1494-01-01T00:00:00Z,,http://www.wikidata.org/prop/direct/P2949,http://www.wikidata.org/prop/direct/P2949,Dunbar-273,Dunbar-273
http://www.wikidata.org/entity/Q75902183,Eupheme Dunbar,p39241.htm#i392409,1456-01-01T00:00:00Z,1494-01-01T00:00:00Z,,http://www.wikidata.org/prop/direct/P4638,http://www.wikidata.org/prop/direct/P4638,p39241.htm#i392409,p39241.htm#i392409
http://www.wikidata.org/entity/Q75902183,Eupheme Dunbar,p39241.htm#i392409,1456-01-01T00:00:00Z,1494-01-01T00:00:00Z,,http://www.wikidata.org/prop/direct/P569,http://www.wikidata.org/prop/direct/P569,1456-01-01T00:00:00Z,1456-01-01T00:00:00Z
http://www.wikidata.org/entity/Q75902183,Eupheme Dunbar,p39241.htm#i392409,1456-01-01T00:00:00Z,1494-01-01T00:00:00Z,,http://www.wikidata.org/prop/direct/P570,http://www.wikidata.org/prop/direct/P570,1494-01-01T00:00:00Z,1494-01-01T00:00:00Z
http://www.wikidata.org/entity/Q75902184,Isobel of Innes,p39241.htm#i392410,1390-01-01T00:00:00Z,1421-01-01T00:00:00Z,,http://www.wikidata.org/prop/direct/P21,http://www.wikidata.org/prop/direct/P21,http://www.wikidata.org/entity/Q6581072,female
http://www.wikidata.org/entity/Q75902184,Isobel of Innes,p39241.htm#i392410,1390-01-01T00:00:00Z,1421-01-01T00:00:00Z,,http://www.wikidata.org/prop/direct/P22,http://www.wikidata.org/prop/direct/P22,http://www.wikidata.org/entity/Q75987437,"Sir Alexander Innes, 9th of that Ilk"
http://www.wikidata.org/entity/Q75902184,Isobel of Innes,p39241.htm#i392410,1390-01-01T00:00:00Z,1421-01-01T00:00:00Z,,http://www.wikidata.org/prop/direct/P25,http://www.wikidata.org/prop/direct/P25,http://www.wikidata.org/entity/Q76313462,Janet de Aberchirder
http://www.wikidata.org/entity/Q75902184,Isobel of Innes,p39241.htm#i392410,1390-01-01T00:00:00Z,1421-01-01T00:00:00Z,,http://www.wikidata.org/prop/direct/P31,http://www.wikidata.org/prop/direct/P31,http://www.wikidata.org/entity/Q5,human
http://www.wikidata.org/entity/Q75902184,Isobel of Innes,p39241.htm#i392410,1390-01-01T00:00:00Z,1421-01-01T00:00:00Z,,http://www.wikidata.org/prop/direct/P40,http://www.wikidata.org/prop/direct/P40,http://www.wikidata.org/entity/Q75747267,Sir Alexander Dunbar of Westfield
http://www.wikidata.org/entity/Q75902184,Isobel of Innes,p39241.htm#i392410,1390-01-01T00:00:00Z,1421-01-01T00:00:00Z,,http://www.wikidata.org/prop/direct/P1819,http://www.wikidata.org/prop/direct/P1819,I00389565,I00389565
http://www.wikidata.org/entity/Q75902184,Isobel of Innes,p39241.htm#i392410,1390-01-01T00:00:00Z,1421-01-01T00:00:00Z,,http://www.wikidata.org/prop/direct/P2949,http://www.wikidata.org/prop/direct/P2949,Innes-119,Innes-119
http://www.wikidata.org/entity/Q75902184,Isobel of Innes,p39241.htm#i392410,1390-01-01T00:00:00Z,1421-01-01T00:00:00Z,,http://www.wikidata.org/prop/direct/P4638,http://www.wikidata.org/prop/direct/P4638,p39241.htm#i392410,p39241.htm#i392410
http://www.wikidata.org/entity/Q75902184,Isobel of Innes,p39241.htm#i392410,1390-01-01T00:00:00Z,1421-01-01T00:00:00Z,,http://www.wikidata.org/prop/direct/P569,http://www.wikidata.org/prop/direct/P569,1390-01-01T00:00:00Z,1390-01-01T00:00:00Z
http://www.wikidata.org/entity/Q75902184,Isobel of Innes,p39241.htm#i392410,1390-01-01T00:00:00Z,1421-01-01T00:00:00Z,,http://www.wikidata.org/prop/direct/P570,http://www.wikidata.org/prop/direct/P570,1421-01-01T00:00:00Z,1421-01-01T00:00:00Z
http://www.wikidata.org/entity/Q75902184,Isobel of Innes,p39241.htm#i392410,1390-01-01T00:00:00Z,1421-01-01T00:00:00Z,,http://www.wikidata.org/prop/direct/P735,http://www.wikidata.org/prop/direct/P735,http://www.wikidata.org/entity/Q16277155,Isobel
http://www.wikidata.org/entity/Q75902192,Gavin Dunbar,p39242.htm#i392415,1454-01-01T00:00:00Z,1532-03-09T00:00:00Z,,http://www.wikidata.org/prop/direct/P21,http://www.wikidata.org/prop/direct/P21,http://www.wikidata.org/entity/Q6581097,male
http://www.wikidata.org/entity/Q75902192,Gavin Dunbar,p39242.htm#i392415,1454-01-01T00:00:00Z,1532-03-09T00:00:00Z,,http://www.wikidata.org/prop/direct/P22,http://www.wikidata.org/prop/direct/P22,http://www.wikidata.org/entity/Q75747267,Sir Alexander Dunbar of Westfield
http://www.wikidata.org/entity/Q75902192,Gavin Dunbar,p39242.htm#i392415,1454-01-01T00:00:00Z,1532-03-09T00:00:00Z,,http://www.wikidata.org/prop/direct/P25,http://www.wikidata.org/prop/direct/P25,http://www.wikidata.org/entity/Q75902180,Isobel Sutherland
http://www.wikidata.org/entity/Q75902192,Gavin Dunbar,p39242.htm#i392415,1454-01-01T00:00:00Z,1532-03-09T00:00:00Z,,http://www.wikidata.org/prop/direct/P31,http://www.wikidata.org/prop/direct/P31,http://www.wikidata.org/entity/Q5,human
http://www.wikidata.org/entity/Q75902192,Gavin Dunbar,p39242.htm#i392415,1454-01-01T00:00:00Z,1532-03-09T00:00:00Z,,http://www.wikidata.org/prop/direct/P2949,http://www.wikidata.org/prop/direct/P2949,Dunbar-1663,Dunbar-1663
http://www.wikidata.org/entity/Q75902192,Gavin Dunbar,p39242.htm#i392415,1454-01-01T00:00:00Z,1532-03-09T00:00:00Z,,http://www.wikidata.org/prop/direct/P4638,http://www.wikidata.org/prop/direct/P4638,p39242.htm#i392415,p39242.htm#i392415
http://www.wikidata.org/entity/Q75902192,Gavin Dunbar,p39242.htm#i392415,1454-01-01T00:00:00Z,1532-03-09T00:00:00Z,,http://www.wikidata.org/prop/direct/P569,http://www.wikidata.org/prop/direct/P569,1454-01-01T00:00:00Z,1454-01-01T00:00:00Z
http://www.wikidata.org/entity/Q75902192,Gavin Dunbar,p39242.htm#i392415,1454-01-01T00:00:00Z,1532-03-09T00:00:00Z,,http://www.wikidata.org/prop/direct/P570,http://www.wikidata.org/prop/direct/P570,1532-03-09T00:00:00Z,1532-03-09T00:00:00Z
http://www.wikidata.org/entity/Q75902192,Gavin Dunbar,p39242.htm#i392415,1454-01-01T00:00:00Z,1532-03-09T00:00:00Z,,http://www.wikidata.org/prop/direct/P734,http://www.wikidata.org/prop/direct/P734,http://www.wikidata.org/entity/Q21452734,Dunbar
http://www.wikidata.org/entity/Q75902192,Gavin Dunbar,p39242.htm#i392415,1454-01-01T00:00:00Z,1532-03-09T00:00:00Z,,http://www.wikidata.org/prop/direct/P735,http://www.wikidata.org/prop/direct/P735,http://www.wikidata.org/entity/Q508553,Gavin
http://www.wikidata.org/entity/Q75902195,Janet Sutherland,p39242.htm#i392417,1424-01-01T00:00:00Z,,,http://www.wikidata.org/prop/direct/P21,http://www.wikidata.org/prop/direct/P21,http://www.wikidata.org/entity/Q6581072,female
http://www.wikidata.org/entity/Q75902195,Janet Sutherland,p39242.htm#i392417,1424-01-01T00:00:00Z,,,http://www.wikidata.org/prop/direct/P22,http://www.wikidata.org/prop/direct/P22,http://www.wikidata.org/entity/Q7620345,"John de Moravia, 7th Earl of Sutherland"
http://www.wikidata.org/entity/Q75902195,Janet Sutherland,p39242.htm#i392417,1424-01-01T00:00:00Z,,,http://www.wikidata.org/prop/direct/P25,http://www.wikidata.org/prop/direct/P25,http://www.wikidata.org/entity/Q75250370,Margaret Baillie
http://www.wikidata.org/entity/Q75902195,Janet Sutherland,p39242.htm#i392417,1424-01-01T00:00:00Z,,,http://www.wikidata.org/prop/direct/P26,http://www.wikidata.org/prop/direct/P26,http://www.wikidata.org/entity/Q75715177,Alexander Dunbar of Conzie and Kilbuyack
http://www.wikidata.org/entity/Q75902195,Janet Sutherland,p39242.htm#i392417,1424-01-01T00:00:00Z,,,http://www.wikidata.org/prop/direct/P31,http://www.wikidata.org/prop/direct/P31,http://www.wikidata.org/entity/Q5,human
http://www.wikidata.org/entity/Q75902195,Janet Sutherland,p39242.htm#i392417,1424-01-01T00:00:00Z,,,http://www.wikidata.org/prop/direct/P40,http://www.wikidata.org/prop/direct/P40,http://www.wikidata.org/entity/Q75902196,James Dunbar of Conzie
http://www.wikidata.org/entity/Q75902195,Janet Sutherland,p39242.htm#i392417,1424-01-01T00:00:00Z,,,http://www.wikidata.org/prop/direct/P40,http://www.wikidata.org/prop/direct/P40,http://www.wikidata.org/entity/Q76242592,Mariot Dunbar
http://www.wikidata.org/entity/Q75902195,Janet Sutherland,p39242.htm#i392417,1424-01-01T00:00:00Z,,,http://www.wikidata.org/prop/direct/P1819,http://www.wikidata.org/prop/direct/P1819,I00148729,I00148729
http://www.wikidata.org/entity/Q75902195,Janet Sutherland,p39242.htm#i392417,1424-01-01T00:00:00Z,,,http://www.wikidata.org/prop/direct/P2949,http://www.wikidata.org/prop/direct/P2949,Sutherland-308,Sutherland-308
http://www.wikidata.org/entity/Q75902195,Janet Sutherland,p39242.htm#i392417,1424-01-01T00:00:00Z,,,http://www.wikidata.org/prop/direct/P4638,http://www.wikidata.org/prop/direct/P4638,p39242.htm#i392417,p39242.htm#i392417
http://www.wikidata.org/entity/Q75902195,Janet Sutherland,p39242.htm#i392417,1424-01-01T00:00:00Z,,,http://www.wikidata.org/prop/direct/P569,http://www.wikidata.org/prop/direct/P569,1424-01-01T00:00:00Z,1424-01-01T00:00:00Z
http://www.wikidata.org/entity/Q75902195,Janet Sutherland,p39242.htm#i392417,1424-01-01T00:00:00Z,,,http://www.wikidata.org/prop/direct/P735,http://www.wikidata.org/prop/direct/P735,http://www.wikidata.org/entity/Q13553631,Janet
http://www.wikidata.org/entity/Q75902196,James Dunbar of Conzie,p39242.htm#i392418,1480-01-01T00:00:00Z,1554-03-10T00:00:00Z,,http://www.wikidata.org/prop/direct/P21,http://www.wikidata.org/prop/direct/P21,http://www.wikidata.org/entity/Q6581097,male
http://www.wikidata.org/entity/Q75902196,James Dunbar of Conzie,p39242.htm#i392418,1480-01-01T00:00:00Z,1554-03-10T00:00:00Z,,http://www.wikidata.org/prop/direct/P22,http://www.wikidata.org/prop/direct/P22,http://www.wikidata.org/entity/Q75715177,Alexander Dunbar of Conzie and Kilbuyack
http://www.wikidata.org/entity/Q75902196,James Dunbar of Conzie,p39242.htm#i392418,1480-01-01T00:00:00Z,1554-03-10T00:00:00Z,,http://www.wikidata.org/prop/direct/P25,http://www.wikidata.org/prop/direct/P25,http://www.wikidata.org/entity/Q75902195,Janet Sutherland
http://www.wikidata.org/entity/Q75902196,James Dunbar of Conzie,p39242.htm#i392418,1480-01-01T00:00:00Z,1554-03-10T00:00:00Z,,http://www.wikidata.org/prop/direct/P26,http://www.wikidata.org/prop/direct/P26,http://www.wikidata.org/entity/Q75902201,Isabella Brodie
http://www.wikidata.org/entity/Q75902196,James Dunbar of Conzie,p39242.htm#i392418,1480-01-01T00:00:00Z,1554-03-10T00:00:00Z,,http://www.wikidata.org/prop/direct/P31,http://www.wikidata.org/prop/direct/P31,http://www.wikidata.org/entity/Q5,human
http://www.wikidata.org/entity/Q75902196,James Dunbar of Conzie,p39242.htm#i392418,1480-01-01T00:00:00Z,1554-03-10T00:00:00Z,,http://www.wikidata.org/prop/direct/P40,http://www.wikidata.org/prop/direct/P40,http://www.wikidata.org/entity/Q75715176,Alexander Dunbar of Conzie and Kilbuyack
http://www.wikidata.org/entity/Q75902196,James Dunbar of Conzie,p39242.htm#i392418,1480-01-01T00:00:00Z,1554-03-10T00:00:00Z,,http://www.wikidata.org/prop/direct/P2949,http://www.wikidata.org/prop/direct/P2949,Dunbar-660,Dunbar-660
http://www.wikidata.org/entity/Q75902196,James Dunbar of Conzie,p39242.htm#i392418,1480-01-01T00:00:00Z,1554-03-10T00:00:00Z,,http://www.wikidata.org/prop/direct/P4638,http://www.wikidata.org/prop/direct/P4638,p39242.htm#i392418,p39242.htm#i392418
http://www.wikidata.org/entity/Q75902196,James Dunbar of Conzie,p39242.htm#i392418,1480-01-01T00:00:00Z,1554-03-10T00:00:00Z,,http://www.wikidata.org/prop/direct/P569,http://www.wikidata.org/prop/direct/P569,1480-01-01T00:00:00Z,1480-01-01T00:00:00Z
http://www.wikidata.org/entity/Q75902196,James Dunbar of Conzie,p39242.htm#i392418,1480-01-01T00:00:00Z,1554-03-10T00:00:00Z,,http://www.wikidata.org/prop/direct/P570,http://www.wikidata.org/prop/direct/P570,1554-03-10T00:00:00Z,1554-03-10T00:00:00Z
http://www.wikidata.org/entity/Q75902196,James Dunbar of Conzie,p39242.htm#i392418,1480-01-01T00:00:00Z,1554-03-10T00:00:00Z,,http://www.wikidata.org/prop/direct/P734,http://www.wikidata.org/prop/direct/P734,http://www.wikidata.org/entity/Q21452734,Dunbar
http://www.wikidata.org/entity/Q75902196,James Dunbar of Conzie,p39242.htm#i392418,1480-01-01T00:00:00Z,1554-03-10T00:00:00Z,,http://www.wikidata.org/prop/direct/P735,http://www.wikidata.org/prop/direct/P735,http://www.wikidata.org/entity/Q677191,James
http://www.wikidata.org/entity/Q75902201,Isabella Brodie,p39243.htm#i392421,1491-01-01T00:00:00Z,,,http://www.wikidata.org/prop/direct/P21,http://www.wikidata.org/prop/direct/P21,http://www.wikidata.org/entity/Q6581072,female
http://www.wikidata.org/entity/Q75902201,Isabella Brodie,p39243.htm#i392421,1491-01-01T00:00:00Z,,,http://www.wikidata.org/prop/direct/P22,http://www.wikidata.org/prop/direct/P22,http://www.wikidata.org/entity/Q75902200,unknown Brodie of Brodie
http://www.wikidata.org/entity/Q75902201,Isabella Brodie,p39243.htm#i392421,1491-01-01T00:00:00Z,,,http://www.wikidata.org/prop/direct/P26,http://www.wikidata.org/prop/direct/P26,http://www.wikidata.org/entity/Q75902196,James Dunbar of Conzie
http://www.wikidata.org/entity/Q75902201,Isabella Brodie,p39243.htm#i392421,1491-01-01T00:00:00Z,,,http://www.wikidata.org/prop/direct/P31,http://www.wikidata.org/prop/direct/P31,http://www.wikidata.org/entity/Q5,human
http://www.wikidata.org/entity/Q75902201,Isabella Brodie,p39243.htm#i392421,1491-01-01T00:00:00Z,,,http://www.wikidata.org/prop/direct/P40,http://www.wikidata.org/prop/direct/P40,http://www.wikidata.org/entity/Q75715176,Alexander Dunbar of Conzie and Kilbuyack
http://www.wikidata.org/entity/Q75902201,Isabella Brodie,p39243.htm#i392421,1491-01-01T00:00:00Z,,,http://www.wikidata.org/prop/direct/P2949,http://www.wikidata.org/prop/direct/P2949,Brodie-2655,Brodie-2655
http://www.wikidata.org/entity/Q75902201,Isabella Brodie,p39243.htm#i392421,1491-01-01T00:00:00Z,,,http://www.wikidata.org/prop/direct/P4638,http://www.wikidata.org/prop/direct/P4638,p39243.htm#i392421,p39243.htm#i392421
http://www.wikidata.org/entity/Q75902201,Isabella Brodie,p39243.htm#i392421,1491-01-01T00:00:00Z,,,http://www.wikidata.org/prop/direct/P569,http://www.wikidata.org/prop/direct/P569,1491-01-01T00:00:00Z,1491-01-01T00:00:00Z
http://www.wikidata.org/entity/Q75902201,Isabella Brodie,p39243.htm#i392421,1491-01-01T00:00:00Z,,,http://www.wikidata.org/prop/direct/P734,http://www.wikidata.org/prop/direct/P734,http://www.wikidata.org/entity/Q19986366,Brodie
http://www.wikidata.org/entity/Q75902201,Isabella Brodie,p39243.htm#i392421,1491-01-01T00:00:00Z,,,http://www.wikidata.org/prop/direct/P734,http://www.wikidata.org/prop/direct/P734,http://www.wikidata.org/entity/Q21452734,Dunbar
http://www.wikidata.org/entity/Q75902201,Isabella Brodie,p39243.htm#i392421,1491-01-01T00:00:00Z,,,http://www.wikidata.org/prop/direct/P735,http://www.wikidata.org/prop/direct/P735,http://www.wikidata.org/entity/Q16290308,Isabella
http://www.wikidata.org/entity/Q75902222,Sir John Dunbar of Cumnock and Mochrum,p39244.htm#i392435,1400-01-01T00:00:00Z,,,http://www.wikidata.org/prop/direct/P21,http://www.wikidata.org/prop/direct/P21,http://www.wikidata.org/entity/Q6581097,male
http://www.wikidata.org/entity/Q75902222,Sir John Dunbar of Cumnock and Mochrum,p39244.htm#i392435,1400-01-01T00:00:00Z,,,http://www.wikidata.org/prop/direct/P22,http://www.wikidata.org/prop/direct/P22,http://www.wikidata.org/entity/Q75902224,Sir Patrick Dunbar of Cumnock
http://www.wikidata.org/entity/Q75902222,Sir John Dunbar of Cumnock and Mochrum,p39244.htm#i392435,1400-01-01T00:00:00Z,,,http://www.wikidata.org/prop/direct/P31,http://www.wikidata.org/prop/direct/P31,http://www.wikidata.org/entity/Q5,human
http://www.wikidata.org/entity/Q75902222,Sir John Dunbar of Cumnock and Mochrum,p39244.htm#i392435,1400-01-01T00:00:00Z,,,http://www.wikidata.org/prop/direct/P40,http://www.wikidata.org/prop/direct/P40,http://www.wikidata.org/entity/Q75902179,Patrick Dunbar of Cumnock and Mochrum
http://www.wikidata.org/entity/Q75902222,Sir John Dunbar of Cumnock and Mochrum,p39244.htm#i392435,1400-01-01T00:00:00Z,,,http://www.wikidata.org/prop/direct/P40,http://www.wikidata.org/prop/direct/P40,http://www.wikidata.org/entity/Q75902226,Cuthbert Dunbar
http://www.wikidata.org/entity/Q75902222,Sir John Dunbar of Cumnock and Mochrum,p39244.htm#i392435,1400-01-01T00:00:00Z,,,http://www.wikidata.org/prop/direct/P1819,http://www.wikidata.org/prop/direct/P1819,I00711974,I00711974
http://www.wikidata.org/entity/Q75902222,Sir John Dunbar of Cumnock and Mochrum,p39244.htm#i392435,1400-01-01T00:00:00Z,,,http://www.wikidata.org/prop/direct/P2949,http://www.wikidata.org/prop/direct/P2949,Dunbar-2157,Dunbar-2157
http://www.wikidata.org/entity/Q75902222,Sir John Dunbar of Cumnock and Mochrum,p39244.htm#i392435,1400-01-01T00:00:00Z,,,http://www.wikidata.org/prop/direct/P4638,http://www.wikidata.org/prop/direct/P4638,p39244.htm#i392435,p39244.htm#i392435
http://www.wikidata.org/entity/Q75902222,Sir John Dunbar of Cumnock and Mochrum,p39244.htm#i392435,1400-01-01T00:00:00Z,,,http://www.wikidata.org/prop/direct/P511,http://www.wikidata.org/prop/direct/P511,http://www.wikidata.org/entity/Q209690,Sir
http://www.wikidata.org/entity/Q75902222,Sir John Dunbar of Cumnock and Mochrum,p39244.htm#i392435,1400-01-01T00:00:00Z,,,http://www.wikidata.org/prop/direct/P569,http://www.wikidata.org/prop/direct/P569,1400-01-01T00:00:00Z,1400-01-01T00:00:00Z
http://www.wikidata.org/entity/Q75902222,Sir John Dunbar of Cumnock and Mochrum,p39244.htm#i392435,1400-01-01T00:00:00Z,,,http://www.wikidata.org/prop/direct/P735,http://www.wikidata.org/prop/direct/P735,http://www.wikidata.org/entity/Q4925477,John
http://www.wikidata.org/entity/Q75902224,Sir Patrick Dunbar of Cumnock,p39244.htm#i392436,1360-01-01T00:00:00Z,http://www.wikidata.org/.well-known/genid/26620e07eaf26d584df173e647adbb25,,http://www.wikidata.org/prop/direct/P21,http://www.wikidata.org/prop/direct/P21,http://www.wikidata.org/entity/Q6581097,male
http://www.wikidata.org/entity/Q75902224,Sir Patrick Dunbar of Cumnock,p39244.htm#i392436,1360-01-01T00:00:00Z,http://www.wikidata.org/.well-known/genid/26620e07eaf26d584df173e647adbb25,,http://www.wikidata.org/prop/direct/P22,http://www.wikidata.org/prop/direct/P22,http://www.wikidata.org/entity/Q75902236,Sir David Dunbar of Cumnock
http://www.wikidata.org/entity/Q75902224,Sir Patrick Dunbar of Cumnock,p39244.htm#i392436,1360-01-01T00:00:00Z,http://www.wikidata.org/.well-known/genid/26620e07eaf26d584df173e647adbb25,,http://www.wikidata.org/prop/direct/P31,http://www.wikidata.org/prop/direct/P31,http://www.wikidata.org/entity/Q5,human
http://www.wikidata.org/entity/Q75902224,Sir Patrick Dunbar of Cumnock,p39244.htm#i392436,1360-01-01T00:00:00Z,http://www.wikidata.org/.well-known/genid/26620e07eaf26d584df173e647adbb25,,http://www.wikidata.org/prop/direct/P40,http://www.wikidata.org/prop/direct/P40,http://www.wikidata.org/entity/Q75902222,Sir John Dunbar of Cumnock and Mochrum
http://www.wikidata.org/entity/Q75902224,Sir Patrick Dunbar of Cumnock,p39244.htm#i392436,1360-01-01T00:00:00Z,http://www.wikidata.org/.well-known/genid/26620e07eaf26d584df173e647adbb25,,http://www.wikidata.org/prop/direct/P2949,http://www.wikidata.org/prop/direct/P2949,Dunbar-2156,Dunbar-2156
http://www.wikidata.org/entity/Q75902224,Sir Patrick Dunbar of Cumnock,p39244.htm#i392436,1360-01-01T00:00:00Z,http://www.wikidata.org/.well-known/genid/26620e07eaf26d584df173e647adbb25,,http://www.wikidata.org/prop/direct/P4638,http://www.wikidata.org/prop/direct/P4638,p39244.htm#i392436,p39244.htm#i392436
http://www.wikidata.org/entity/Q75902224,Sir Patrick Dunbar of Cumnock,p39244.htm#i392436,1360-01-01T00:00:00Z,http://www.wikidata.org/.well-known/genid/26620e07eaf26d584df173e647adbb25,,http://www.wikidata.org/prop/direct/P511,http://www.wikidata.org/prop/direct/P511,http://www.wikidata.org/entity/Q209690,Sir
http://www.wikidata.org/entity/Q75902224,Sir Patrick Dunbar of Cumnock,p39244.htm#i392436,1360-01-01T00:00:00Z,http://www.wikidata.org/.well-known/genid/26620e07eaf26d584df173e647adbb25,,http://www.wikidata.org/prop/direct/P569,http://www.wikidata.org/prop/direct/P569,1360-01-01T00:00:00Z,1360-01-01T00:00:00Z
http://www.wikidata.org/entity/Q75902224,Sir Patrick Dunbar of Cumnock,p39244.htm#i392436,1360-01-01T00:00:00Z,http://www.wikidata.org/.well-known/genid/26620e07eaf26d584df173e647adbb25,,http://www.wikidata.org/prop/direct/P570,http://www.wikidata.org/prop/direct/P570,http://www.wikidata.org/.well-known/genid/26620e07eaf26d584df173e647adbb25,http://www.wikidata.org/.well-known/genid/26620e07eaf26d584df173e647adbb25
http://www.wikidata.org/entity/Q75902224,Sir Patrick Dunbar of Cumnock,p39244.htm#i392436,1360-01-01T00:00:00Z,http://www.wikidata.org/.well-known/genid/26620e07eaf26d584df173e647adbb25,,http://www.wikidata.org/prop/direct/P734,http://www.wikidata.org/prop/direct/P734,http://www.wikidata.org/entity/Q21452734,Dunbar
http://www.wikidata.org/entity/Q75902224,Sir Patrick Dunbar of Cumnock,p39244.htm#i392436,1360-01-01T00:00:00Z,http://www.wikidata.org/.well-known/genid/26620e07eaf26d584df173e647adbb25,,http://www.wikidata.org/prop/direct/P735,http://www.wikidata.org/prop/direct/P735,http://www.wikidata.org/entity/Q18002623,Patrick
http://www.wikidata.org/entity/Q75902236,Sir David Dunbar of Cumnock,p39245.htm#i392443,1330-01-01T00:00:00Z,,,http://www.wikidata.org/prop/direct/P21,http://www.wikidata.org/prop/direct/P21,http://www.wikidata.org/entity/Q6581097,male
http://www.wikidata.org/entity/Q75902236,Sir David Dunbar of Cumnock,p39245.htm#i392443,1330-01-01T00:00:00Z,,,http://www.wikidata.org/prop/direct/P22,http://www.wikidata.org/prop/direct/P22,http://www.wikidata.org/entity/Q75637534,Sir Patrick Dunbar
http://www.wikidata.org/entity/Q75902236,Sir David Dunbar of Cumnock,p39245.htm#i392443,1330-01-01T00:00:00Z,,,http://www.wikidata.org/prop/direct/P31,http://www.wikidata.org/prop/direct/P31,http://www.wikidata.org/entity/Q5,human
http://www.wikidata.org/entity/Q75902236,Sir David Dunbar of Cumnock,p39245.htm#i392443,1330-01-01T00:00:00Z,,,http://www.wikidata.org/prop/direct/P40,http://www.wikidata.org/prop/direct/P40,http://www.wikidata.org/entity/Q75902224,Sir Patrick Dunbar of Cumnock
http://www.wikidata.org/entity/Q75902236,Sir David Dunbar of Cumnock,p39245.htm#i392443,1330-01-01T00:00:00Z,,,http://www.wikidata.org/prop/direct/P2949,http://www.wikidata.org/prop/direct/P2949,Dunbar-877,Dunbar-877
http://www.wikidata.org/entity/Q75902236,Sir David Dunbar of Cumnock,p39245.htm#i392443,1330-01-01T00:00:00Z,,,http://www.wikidata.org/prop/direct/P4638,http://www.wikidata.org/prop/direct/P4638,p39245.htm#i392443,p39245.htm#i392443
http://www.wikidata.org/entity/Q75902236,Sir David Dunbar of Cumnock,p39245.htm#i392443,1330-01-01T00:00:00Z,,,http://www.wikidata.org/prop/direct/P511,http://www.wikidata.org/prop/direct/P511,http://www.wikidata.org/entity/Q209690,Sir
http://www.wikidata.org/entity/Q75902236,Sir David Dunbar of Cumnock,p39245.htm#i392443,1330-01-01T00:00:00Z,,,http://www.wikidata.org/prop/direct/P569,http://www.wikidata.org/prop/direct/P569,1330-01-01T00:00:00Z,1330-01-01T00:00:00Z
http://www.wikidata.org/entity/Q75902236,Sir David Dunbar of Cumnock,p39245.htm#i392443,1330-01-01T00:00:00Z,,,http://www.wikidata.org/prop/direct/P734,http://www.wikidata.org/prop/direct/P734,http://www.wikidata.org/entity/Q21452734,Dunbar
http://www.wikidata.org/entity/Q75902237,Margaret Dunbar,p39245.htm#i392444,1460-01-01T00:00:00Z,1483-01-01T00:00:00Z,,http://www.wikidata.org/prop/direct/P21,http://www.wikidata.org/prop/direct/P21,http://www.wikidata.org/entity/Q6581072,female
http://www.wikidata.org/entity/Q75902237,Margaret Dunbar,p39245.htm#i392444,1460-01-01T00:00:00Z,1483-01-01T00:00:00Z,,http://www.wikidata.org/prop/direct/P22,http://www.wikidata.org/prop/direct/P22,http://www.wikidata.org/entity/Q75902179,Patrick Dunbar of Cumnock and Mochrum
http://www.wikidata.org/entity/Q75902237,Margaret Dunbar,p39245.htm#i392444,1460-01-01T00:00:00Z,1483-01-01T00:00:00Z,,http://www.wikidata.org/prop/direct/P26,http://www.wikidata.org/prop/direct/P26,http://www.wikidata.org/entity/Q75715055,Sir John Dunbar of Mochrum
http://www.wikidata.org/entity/Q75902237,Margaret Dunbar,p39245.htm#i392444,1460-01-01T00:00:00Z,1483-01-01T00:00:00Z,,http://www.wikidata.org/prop/direct/P31,http://www.wikidata.org/prop/direct/P31,http://www.wikidata.org/entity/Q5,human
http://www.wikidata.org/entity/Q75902237,Margaret Dunbar,p39245.htm#i392444,1460-01-01T00:00:00Z,1483-01-01T00:00:00Z,,http://www.wikidata.org/prop/direct/P2949,http://www.wikidata.org/prop/direct/P2949,Dunbar-1669,Dunbar-1669
http://www.wikidata.org/entity/Q75902237,Margaret Dunbar,p39245.htm#i392444,1460-01-01T00:00:00Z,1483-01-01T00:00:00Z,,http://www.wikidata.org/prop/direct/P4638,http://www.wikidata.org/prop/direct/P4638,p39245.htm#i392444,p39245.htm#i392444
http://www.wikidata.org/entity/Q75902237,Margaret Dunbar,p39245.htm#i392444,1460-01-01T00:00:00Z,1483-01-01T00:00:00Z,,http://www.wikidata.org/prop/direct/P569,http://www.wikidata.org/prop/direct/P569,1460-01-01T00:00:00Z,1460-01-01T00:00:00Z
http://www.wikidata.org/entity/Q75902237,Margaret Dunbar,p39245.htm#i392444,1460-01-01T00:00:00Z,1483-01-01T00:00:00Z,,http://www.wikidata.org/prop/direct/P570,http://www.wikidata.org/prop/direct/P570,1483-01-01T00:00:00Z,1483-01-01T00:00:00Z
http://www.wikidata.org/entity/Q75902237,Margaret Dunbar,p39245.htm#i392444,1460-01-01T00:00:00Z,1483-01-01T00:00:00Z,,http://www.wikidata.org/prop/direct/P735,http://www.wikidata.org/prop/direct/P735,http://www.wikidata.org/entity/Q4963612,Margaret
http://www.wikidata.org/entity/Q75902507,Sir George de Dundas,p39263.htm#i392624,,1332-08-11T00:00:00Z,,http://www.wikidata.org/prop/direct/P21,http://www.wikidata.org/prop/direct/P21,http://www.wikidata.org/entity/Q6581097,male
http://www.wikidata.org/entity/Q75902507,Sir George de Dundas,p39263.htm#i392624,,1332-08-11T00:00:00Z,,http://www.wikidata.org/prop/direct/P22,http://www.wikidata.org/prop/direct/P22,http://www.wikidata.org/entity/Q75902505,Sir Hugh de Dundas
http://www.wikidata.org/entity/Q75902507,Sir George de Dundas,p39263.htm#i392624,,1332-08-11T00:00:00Z,,http://www.wikidata.org/prop/direct/P25,http://www.wikidata.org/prop/direct/P25,http://www.wikidata.org/entity/Q110379121,NN
http://www.wikidata.org/entity/Q75902507,Sir George de Dundas,p39263.htm#i392624,,1332-08-11T00:00:00Z,,http://www.wikidata.org/prop/direct/P31,http://www.wikidata.org/prop/direct/P31,http://www.wikidata.org/entity/Q5,human
http://www.wikidata.org/entity/Q75902507,Sir George de Dundas,p39263.htm#i392624,,1332-08-11T00:00:00Z,,http://www.wikidata.org/prop/direct/P40,http://www.wikidata.org/prop/direct/P40,http://www.wikidata.org/entity/Q75902508,James de Dundas
http://www.wikidata.org/entity/Q75902507,Sir George de Dundas,p39263.htm#i392624,,1332-08-11T00:00:00Z,,http://www.wikidata.org/prop/direct/P1819,http://www.wikidata.org/prop/direct/P1819,I00276828,I00276828
http://www.wikidata.org/entity/Q75902507,Sir George de Dundas,p39263.htm#i392624,,1332-08-11T00:00:00Z,,http://www.wikidata.org/prop/direct/P4638,http://www.wikidata.org/prop/direct/P4638,p39263.htm#i392624,p39263.htm#i392624
http://www.wikidata.org/entity/Q75902507,Sir George de Dundas,p39263.htm#i392624,,1332-08-11T00:00:00Z,,http://www.wikidata.org/prop/direct/P511,http://www.wikidata.org/prop/direct/P511,http://www.wikidata.org/entity/Q209690,Sir
http://www.wikidata.org/entity/Q75902507,Sir George de Dundas,p39263.htm#i392624,,1332-08-11T00:00:00Z,,http://www.wikidata.org/prop/direct/P570,http://www.wikidata.org/prop/direct/P570,1332-08-11T00:00:00Z,1332-08-11T00:00:00Z
http://www.wikidata.org/entity/Q75902507,Sir George de Dundas,p39263.htm#i392624,,1332-08-11T00:00:00Z,,http://www.wikidata.org/prop/direct/P735,http://www.wikidata.org/prop/direct/P735,http://www.wikidata.org/entity/Q15921732,George
http://www.wikidata.org/entity/Q75902510,John de Dundas,p39263.htm#i392626,1350-01-01T00:00:00Z,1430-01-01T00:00:00Z,,http://www.wikidata.org/prop/direct/P21,http://www.wikidata.org/prop/direct/P21,http://www.wikidata.org/entity/Q6581097,male
http://www.wikidata.org/entity/Q75902510,John de Dundas,p39263.htm#i392626,1350-01-01T00:00:00Z,1430-01-01T00:00:00Z,,http://www.wikidata.org/prop/direct/P22,http://www.wikidata.org/prop/direct/P22,http://www.wikidata.org/entity/Q75902508,James de Dundas
http://www.wikidata.org/entity/Q75902510,John de Dundas,p39263.htm#i392626,1350-01-01T00:00:00Z,1430-01-01T00:00:00Z,,http://www.wikidata.org/prop/direct/P25,http://www.wikidata.org/prop/direct/P25,http://www.wikidata.org/entity/Q110379123,NN
http://www.wikidata.org/entity/Q75902510,John de Dundas,p39263.htm#i392626,1350-01-01T00:00:00Z,1430-01-01T00:00:00Z,,http://www.wikidata.org/prop/direct/P26,http://www.wikidata.org/prop/direct/P26,http://www.wikidata.org/entity/Q76324154,Joan Douglas
http://www.wikidata.org/entity/Q75902510,John de Dundas,p39263.htm#i392626,1350-01-01T00:00:00Z,1430-01-01T00:00:00Z,,http://www.wikidata.org/prop/direct/P31,http://www.wikidata.org/prop/direct/P31,http://www.wikidata.org/entity/Q5,human
http://www.wikidata.org/entity/Q75902510,John de Dundas,p39263.htm#i392626,1350-01-01T00:00:00Z,1430-01-01T00:00:00Z,,http://www.wikidata.org/prop/direct/P40,http://www.wikidata.org/prop/direct/P40,http://www.wikidata.org/entity/Q110290021,Margaret Dundas
http://www.wikidata.org/entity/Q75902510,John de Dundas,p39263.htm#i392626,1350-01-01T00:00:00Z,1430-01-01T00:00:00Z,,http://www.wikidata.org/prop/direct/P40,http://www.wikidata.org/prop/direct/P40,http://www.wikidata.org/entity/Q66384762,James Dundas of Dundas
http://www.wikidata.org/entity/Q75902510,John de Dundas,p39263.htm#i392626,1350-01-01T00:00:00Z,1430-01-01T00:00:00Z,,http://www.wikidata.org/prop/direct/P40,http://www.wikidata.org/prop/direct/P40,http://www.wikidata.org/entity/Q75558359,Janet Dundas
http://www.wikidata.org/entity/Q75902510,John de Dundas,p39263.htm#i392626,1350-01-01T00:00:00Z,1430-01-01T00:00:00Z,,http://www.wikidata.org/prop/direct/P40,http://www.wikidata.org/prop/direct/P40,http://www.wikidata.org/entity/Q75902511,Agnes Dundas
http://www.wikidata.org/entity/Q75902510,John de Dundas,p39263.htm#i392626,1350-01-01T00:00:00Z,1430-01-01T00:00:00Z,,http://www.wikidata.org/prop/direct/P1819,http://www.wikidata.org/prop/direct/P1819,I00276811,I00276811
http://www.wikidata.org/entity/Q75902510,John de Dundas,p39263.htm#i392626,1350-01-01T00:00:00Z,1430-01-01T00:00:00Z,,http://www.wikidata.org/prop/direct/P2949,http://www.wikidata.org/prop/direct/P2949,Dundas-16,Dundas-16
http://www.wikidata.org/entity/Q75902510,John de Dundas,p39263.htm#i392626,1350-01-01T00:00:00Z,1430-01-01T00:00:00Z,,http://www.wikidata.org/prop/direct/P4638,http://www.wikidata.org/prop/direct/P4638,p39263.htm#i392626,p39263.htm#i392626
http://www.wikidata.org/entity/Q75902510,John de Dundas,p39263.htm#i392626,1350-01-01T00:00:00Z,1430-01-01T00:00:00Z,,http://www.wikidata.org/prop/direct/P569,http://www.wikidata.org/prop/direct/P569,1350-01-01T00:00:00Z,1350-01-01T00:00:00Z
http://www.wikidata.org/entity/Q75902510,John de Dundas,p39263.htm#i392626,1350-01-01T00:00:00Z,1430-01-01T00:00:00Z,,http://www.wikidata.org/prop/direct/P570,http://www.wikidata.org/prop/direct/P570,1430-01-01T00:00:00Z,1430-01-01T00:00:00Z
http://www.wikidata.org/entity/Q75902510,John de Dundas,p39263.htm#i392626,1350-01-01T00:00:00Z,1430-01-01T00:00:00Z,,http://www.wikidata.org/prop/direct/P735,http://www.wikidata.org/prop/direct/P735,http://www.wikidata.org/entity/Q4925477,John
http://www.wikidata.org/entity/Q75902511,Agnes Dundas,p39263.htm#i392628,1340-01-01T00:00:00Z,,,http://www.wikidata.org/prop/direct/P21,http://www.wikidata.org/prop/direct/P21,http://www.wikidata.org/entity/Q6581072,female
http://www.wikidata.org/entity/Q75902511,Agnes Dundas,p39263.htm#i392628,1340-01-01T00:00:00Z,,,http://www.wikidata.org/prop/direct/P22,http://www.wikidata.org/prop/direct/P22,http://www.wikidata.org/entity/Q75902510,John de Dundas
http://www.wikidata.org/entity/Q75902511,Agnes Dundas,p39263.htm#i392628,1340-01-01T00:00:00Z,,,http://www.wikidata.org/prop/direct/P26,http://www.wikidata.org/prop/direct/P26,http://www.wikidata.org/entity/Q75902513,"Sir Adam Forrester, 1st of Corstorphine"
http://www.wikidata.org/entity/Q75902511,Agnes Dundas,p39263.htm#i392628,1340-01-01T00:00:00Z,,,http://www.wikidata.org/prop/direct/P31,http://www.wikidata.org/prop/direct/P31,http://www.wikidata.org/entity/Q5,human
http://www.wikidata.org/entity/Q75902511,Agnes Dundas,p39263.htm#i392628,1340-01-01T00:00:00Z,,,http://www.wikidata.org/prop/direct/P2949,http://www.wikidata.org/prop/direct/P2949,Dundas-18,Dundas-18
http://www.wikidata.org/entity/Q75902511,Agnes Dundas,p39263.htm#i392628,1340-01-01T00:00:00Z,,,http://www.wikidata.org/prop/direct/P4638,http://www.wikidata.org/prop/direct/P4638,p39263.htm#i392628,p39263.htm#i392628
http://www.wikidata.org/entity/Q75902511,Agnes Dundas,p39263.htm#i392628,1340-01-01T00:00:00Z,,,http://www.wikidata.org/prop/direct/P569,http://www.wikidata.org/prop/direct/P569,1340-01-01T00:00:00Z,1340-01-01T00:00:00Z
http://www.wikidata.org/entity/Q75902511,Agnes Dundas,p39263.htm#i392628,1340-01-01T00:00:00Z,,,http://www.wikidata.org/prop/direct/P734,http://www.wikidata.org/prop/direct/P734,http://www.wikidata.org/entity/Q16869712,Dundas
http://www.wikidata.org/entity/Q75902511,Agnes Dundas,p39263.htm#i392628,1340-01-01T00:00:00Z,,,http://www.wikidata.org/prop/direct/P735,http://www.wikidata.org/prop/direct/P735,http://www.wikidata.org/entity/Q394431,Agnes
http://www.wikidata.org/entity/Q75902513,"Sir Adam Forrester, 1st of Corstorphine",p39263.htm#i392629,,1405-10-13T00:00:00Z,,http://www.wikidata.org/prop/direct/P21,http://www.wikidata.org/prop/direct/P21,http://www.wikidata.org/entity/Q6581097,male
http://www.wikidata.org/entity/Q75902513,"Sir Adam Forrester, 1st of Corstorphine",p39263.htm#i392629,,1405-10-13T00:00:00Z,,http://www.wikidata.org/prop/direct/P26,http://www.wikidata.org/prop/direct/P26,http://www.wikidata.org/entity/Q75902511,Agnes Dundas
http://www.wikidata.org/entity/Q75902513,"Sir Adam Forrester, 1st of Corstorphine",p39263.htm#i392629,,1405-10-13T00:00:00Z,,http://www.wikidata.org/prop/direct/P31,http://www.wikidata.org/prop/direct/P31,http://www.wikidata.org/entity/Q5,human
http://www.wikidata.org/entity/Q75902513,"Sir Adam Forrester, 1st of Corstorphine",p39263.htm#i392629,,1405-10-13T00:00:00Z,,http://www.wikidata.org/prop/direct/P40,http://www.wikidata.org/prop/direct/P40,http://www.wikidata.org/entity/Q76250390,"Sir John Forrester, 2nd of Corstorphine"
http://www.wikidata.org/entity/Q75902513,"Sir Adam Forrester, 1st of Corstorphine",p39263.htm#i392629,,1405-10-13T00:00:00Z,,http://www.wikidata.org/prop/direct/P2949,http://www.wikidata.org/prop/direct/P2949,Forrester-45,Forrester-45
http://www.wikidata.org/entity/Q75902513,"Sir Adam Forrester, 1st of Corstorphine",p39263.htm#i392629,,1405-10-13T00:00:00Z,,http://www.wikidata.org/prop/direct/P4638,http://www.wikidata.org/prop/direct/P4638,p39263.htm#i392629,p39263.htm#i392629
http://www.wikidata.org/entity/Q75902513,"Sir Adam Forrester, 1st of Corstorphine",p39263.htm#i392629,,1405-10-13T00:00:00Z,,http://www.wikidata.org/prop/direct/P511,http://www.wikidata.org/prop/direct/P511,http://www.wikidata.org/entity/Q209690,Sir
http://www.wikidata.org/entity/Q75902513,"Sir Adam Forrester, 1st of Corstorphine",p39263.htm#i392629,,1405-10-13T00:00:00Z,,http://www.wikidata.org/prop/direct/P570,http://www.wikidata.org/prop/direct/P570,1405-10-13T00:00:00Z,1405-10-13T00:00:00Z
http://www.wikidata.org/entity/Q75902513,"Sir Adam Forrester, 1st of Corstorphine",p39263.htm#i392629,,1405-10-13T00:00:00Z,,http://www.wikidata.org/prop/direct/P734,http://www.wikidata.org/prop/direct/P734,http://www.wikidata.org/entity/Q16869995,Forrester
http://www.wikidata.org/entity/Q75902521,Alexander Dundas of Fingask,p39264.htm#i392635,1410-01-01T00:00:00Z,1451-01-01T00:00:00Z,,http://www.wikidata.org/prop/direct/P21,http://www.wikidata.org/prop/direct/P21,http://www.wikidata.org/entity/Q6581097,male
http://www.wikidata.org/entity/Q75902521,Alexander Dundas of Fingask,p39264.htm#i392635,1410-01-01T00:00:00Z,1451-01-01T00:00:00Z,,http://www.wikidata.org/prop/direct/P22,http://www.wikidata.org/prop/direct/P22,http://www.wikidata.org/entity/Q66384762,James Dundas of Dundas
http://www.wikidata.org/entity/Q75902521,Alexander Dundas of Fingask,p39264.htm#i392635,1410-01-01T00:00:00Z,1451-01-01T00:00:00Z,,http://www.wikidata.org/prop/direct/P25,http://www.wikidata.org/prop/direct/P25,http://www.wikidata.org/entity/Q75268599,Christian Stewart
http://www.wikidata.org/entity/Q75902521,Alexander Dundas of Fingask,p39264.htm#i392635,1410-01-01T00:00:00Z,1451-01-01T00:00:00Z,,http://www.wikidata.org/prop/direct/P26,http://www.wikidata.org/prop/direct/P26,http://www.wikidata.org/entity/Q75902524,Eupham Livingston
http://www.wikidata.org/entity/Q75902521,Alexander Dundas of Fingask,p39264.htm#i392635,1410-01-01T00:00:00Z,1451-01-01T00:00:00Z,,http://www.wikidata.org/prop/direct/P31,http://www.wikidata.org/prop/direct/P31,http://www.wikidata.org/entity/Q5,human
http://www.wikidata.org/entity/Q75902521,Alexander Dundas of Fingask,p39264.htm#i392635,1410-01-01T00:00:00Z,1451-01-01T00:00:00Z,,http://www.wikidata.org/prop/direct/P40,http://www.wikidata.org/prop/direct/P40,http://www.wikidata.org/entity/Q75902525,Alexander Dundas of Fingask
http://www.wikidata.org/entity/Q75902521,Alexander Dundas of Fingask,p39264.htm#i392635,1410-01-01T00:00:00Z,1451-01-01T00:00:00Z,,http://www.wikidata.org/prop/direct/P40,http://www.wikidata.org/prop/direct/P40,http://www.wikidata.org/entity/Q75902577,Elizabeth Dundas
http://www.wikidata.org/entity/Q75902521,Alexander Dundas of Fingask,p39264.htm#i392635,1410-01-01T00:00:00Z,1451-01-01T00:00:00Z,,http://www.wikidata.org/prop/direct/P40,http://www.wikidata.org/prop/direct/P40,http://www.wikidata.org/entity/Q75902580,Margaret Dundas
http://www.wikidata.org/entity/Q75902521,Alexander Dundas of Fingask,p39264.htm#i392635,1410-01-01T00:00:00Z,1451-01-01T00:00:00Z,,http://www.wikidata.org/prop/direct/P1819,http://www.wikidata.org/prop/direct/P1819,I00276832,I00276832
http://www.wikidata.org/entity/Q75902521,Alexander Dundas of Fingask,p39264.htm#i392635,1410-01-01T00:00:00Z,1451-01-01T00:00:00Z,,http://www.wikidata.org/prop/direct/P2949,http://www.wikidata.org/prop/direct/P2949,Dundas-242,Dundas-242
http://www.wikidata.org/entity/Q75902521,Alexander Dundas of Fingask,p39264.htm#i392635,1410-01-01T00:00:00Z,1451-01-01T00:00:00Z,,http://www.wikidata.org/prop/direct/P4638,http://www.wikidata.org/prop/direct/P4638,p39264.htm#i392635,p39264.htm#i392635
http://www.wikidata.org/entity/Q75902521,Alexander Dundas of Fingask,p39264.htm#i392635,1410-01-01T00:00:00Z,1451-01-01T00:00:00Z,,http://www.wikidata.org/prop/direct/P569,http://www.wikidata.org/prop/direct/P569,1410-01-01T00:00:00Z,1410-01-01T00:00:00Z
http://www.wikidata.org/entity/Q75902521,Alexander Dundas of Fingask,p39264.htm#i392635,1410-01-01T00:00:00Z,1451-01-01T00:00:00Z,,http://www.wikidata.org/prop/direct/P570,http://www.wikidata.org/prop/direct/P570,1451-01-01T00:00:00Z,1451-01-01T00:00:00Z
http://www.wikidata.org/entity/Q75902521,Alexander Dundas of Fingask,p39264.htm#i392635,1410-01-01T00:00:00Z,1451-01-01T00:00:00Z,,http://www.wikidata.org/prop/direct/P734,http://www.wikidata.org/prop/direct/P734,http://www.wikidata.org/entity/Q16869712,Dundas
http://www.wikidata.org/entity/Q75902521,Alexander Dundas of Fingask,p39264.htm#i392635,1410-01-01T00:00:00Z,1451-01-01T00:00:00Z,,http://www.wikidata.org/prop/direct/P735,http://www.wikidata.org/prop/direct/P735,http://www.wikidata.org/entity/Q923,Alexander
http://www.wikidata.org/entity/Q75902523,Alexander Livingstone of Phildes,p39264.htm#i392636,1410-01-01T00:00:00Z,1450-01-21T00:00:00Z,,http://www.wikidata.org/prop/direct/P21,http://www.wikidata.org/prop/direct/P21,http://www.wikidata.org/entity/Q6581097,male
http://www.wikidata.org/entity/Q75902523,Alexander Livingstone of Phildes,p39264.htm#i392636,1410-01-01T00:00:00Z,1450-01-21T00:00:00Z,,http://www.wikidata.org/prop/direct/P22,http://www.wikidata.org/prop/direct/P22,http://www.wikidata.org/entity/Q4719422,Alexander Livingston of Callendar
http://www.wikidata.org/entity/Q75902523,Alexander Livingstone of Phildes,p39264.htm#i392636,1410-01-01T00:00:00Z,1450-01-21T00:00:00Z,,http://www.wikidata.org/prop/direct/P25,http://www.wikidata.org/prop/direct/P25,http://www.wikidata.org/entity/Q75558359,Janet Dundas
http://www.wikidata.org/entity/Q75902523,Alexander Livingstone of Phildes,p39264.htm#i392636,1410-01-01T00:00:00Z,1450-01-21T00:00:00Z,,http://www.wikidata.org/prop/direct/P31,http://www.wikidata.org/prop/direct/P31,http://www.wikidata.org/entity/Q5,human
http://www.wikidata.org/entity/Q75902523,Alexander Livingstone of Phildes,p39264.htm#i392636,1410-01-01T00:00:00Z,1450-01-21T00:00:00Z,,http://www.wikidata.org/prop/direct/P40,http://www.wikidata.org/prop/direct/P40,http://www.wikidata.org/entity/Q76298083,Alexander Livingstone
http://www.wikidata.org/entity/Q75902523,Alexander Livingstone of Phildes,p39264.htm#i392636,1410-01-01T00:00:00Z,1450-01-21T00:00:00Z,,http://www.wikidata.org/prop/direct/P2949,http://www.wikidata.org/prop/direct/P2949,Livingston-949,Livingston-949
http://www.wikidata.org/entity/Q75902523,Alexander Livingstone of Phildes,p39264.htm#i392636,1410-01-01T00:00:00Z,1450-01-21T00:00:00Z,,http://www.wikidata.org/prop/direct/P4638,http://www.wikidata.org/prop/direct/P4638,p39264.htm#i392636,p39264.htm#i392636
http://www.wikidata.org/entity/Q75902523,Alexander Livingstone of Phildes,p39264.htm#i392636,1410-01-01T00:00:00Z,1450-01-21T00:00:00Z,,http://www.wikidata.org/prop/direct/P569,http://www.wikidata.org/prop/direct/P569,1410-01-01T00:00:00Z,1410-01-01T00:00:00Z
http://www.wikidata.org/entity/Q75902523,Alexander Livingstone of Phildes,p39264.htm#i392636,1410-01-01T00:00:00Z,1450-01-21T00:00:00Z,,http://www.wikidata.org/prop/direct/P570,http://www.wikidata.org/prop/direct/P570,1450-01-21T00:00:00Z,1450-01-21T00:00:00Z
http://www.wikidata.org/entity/Q75902523,Alexander Livingstone of Phildes,p39264.htm#i392636,1410-01-01T00:00:00Z,1450-01-21T00:00:00Z,,http://www.wikidata.org/prop/direct/P735,http://www.wikidata.org/prop/direct/P735,http://www.wikidata.org/entity/Q923,Alexander
http://www.wikidata.org/entity/Q75902524,Eupham Livingston,p39264.htm#i392637,1410-01-01T00:00:00Z,,,http://www.wikidata.org/prop/direct/P21,http://www.wikidata.org/prop/direct/P21,http://www.wikidata.org/entity/Q6581072,female
http://www.wikidata.org/entity/Q75902524,Eupham Livingston,p39264.htm#i392637,1410-01-01T00:00:00Z,,,http://www.wikidata.org/prop/direct/P22,http://www.wikidata.org/prop/direct/P22,http://www.wikidata.org/entity/Q4719422,Alexander Livingston of Callendar
http://www.wikidata.org/entity/Q75902524,Eupham Livingston,p39264.htm#i392637,1410-01-01T00:00:00Z,,,http://www.wikidata.org/prop/direct/P25,http://www.wikidata.org/prop/direct/P25,http://www.wikidata.org/entity/Q75558359,Janet Dundas
http://www.wikidata.org/entity/Q75902524,Eupham Livingston,p39264.htm#i392637,1410-01-01T00:00:00Z,,,http://www.wikidata.org/prop/direct/P26,http://www.wikidata.org/prop/direct/P26,http://www.wikidata.org/entity/Q75902521,Alexander Dundas of Fingask
http://www.wikidata.org/entity/Q75902524,Eupham Livingston,p39264.htm#i392637,1410-01-01T00:00:00Z,,,http://www.wikidata.org/prop/direct/P31,http://www.wikidata.org/prop/direct/P31,http://www.wikidata.org/entity/Q5,human
http://www.wikidata.org/entity/Q75902524,Eupham Livingston,p39264.htm#i392637,1410-01-01T00:00:00Z,,,http://www.wikidata.org/prop/direct/P40,http://www.wikidata.org/prop/direct/P40,http://www.wikidata.org/entity/Q75902525,Alexander Dundas of Fingask
http://www.wikidata.org/entity/Q75902524,Eupham Livingston,p39264.htm#i392637,1410-01-01T00:00:00Z,,,http://www.wikidata.org/prop/direct/P40,http://www.wikidata.org/prop/direct/P40,http://www.wikidata.org/entity/Q75902577,Elizabeth Dundas
http://www.wikidata.org/entity/Q75902524,Eupham Livingston,p39264.htm#i392637,1410-01-01T00:00:00Z,,,http://www.wikidata.org/prop/direct/P40,http://www.wikidata.org/prop/direct/P40,http://www.wikidata.org/entity/Q75902580,Margaret Dundas
http://www.wikidata.org/entity/Q75902524,Eupham Livingston,p39264.htm#i392637,1410-01-01T00:00:00Z,,,http://www.wikidata.org/prop/direct/P1819,http://www.wikidata.org/prop/direct/P1819,I00276833,I00276833
http://www.wikidata.org/entity/Q75902524,Eupham Livingston,p39264.htm#i392637,1410-01-01T00:00:00Z,,,http://www.wikidata.org/prop/direct/P2949,http://www.wikidata.org/prop/direct/P2949,Livingston-701,Livingston-701
http://www.wikidata.org/entity/Q75902524,Eupham Livingston,p39264.htm#i392637,1410-01-01T00:00:00Z,,,http://www.wikidata.org/prop/direct/P4638,http://www.wikidata.org/prop/direct/P4638,p39264.htm#i392637,p39264.htm#i392637
http://www.wikidata.org/entity/Q75902524,Eupham Livingston,p39264.htm#i392637,1410-01-01T00:00:00Z,,,http://www.wikidata.org/prop/direct/P569,http://www.wikidata.org/prop/direct/P569,1410-01-01T00:00:00Z,1410-01-01T00:00:00Z
http://www.wikidata.org/entity/Q75902578,Sir David Guthrie,p39268.htm#i392674,1425-01-01T00:00:00Z,1479-01-01T00:00:00Z,,http://www.wikidata.org/prop/direct/P21,http://www.wikidata.org/prop/direct/P21,http://www.wikidata.org/entity/Q6581097,male
http://www.wikidata.org/entity/Q75902578,Sir David Guthrie,p39268.htm#i392674,1425-01-01T00:00:00Z,1479-01-01T00:00:00Z,,http://www.wikidata.org/prop/direct/P22,http://www.wikidata.org/prop/direct/P22,http://www.wikidata.org/entity/Q76150495,Alexander Guthrie
http://www.wikidata.org/entity/Q75902578,Sir David Guthrie,p39268.htm#i392674,1425-01-01T00:00:00Z,1479-01-01T00:00:00Z,,http://www.wikidata.org/prop/direct/P25,http://www.wikidata.org/prop/direct/P25,http://www.wikidata.org/entity/Q76112735,Marjorie (?)
http://www.wikidata.org/entity/Q75902578,Sir David Guthrie,p39268.htm#i392674,1425-01-01T00:00:00Z,1479-01-01T00:00:00Z,,http://www.wikidata.org/prop/direct/P26,http://www.wikidata.org/prop/direct/P26,http://www.wikidata.org/entity/Q75902577,Elizabeth Dundas
http://www.wikidata.org/entity/Q75902578,Sir David Guthrie,p39268.htm#i392674,1425-01-01T00:00:00Z,1479-01-01T00:00:00Z,,http://www.wikidata.org/prop/direct/P26,http://www.wikidata.org/prop/direct/P26,http://www.wikidata.org/entity/Q76112733,Janet Dundas
http://www.wikidata.org/entity/Q75902578,Sir David Guthrie,p39268.htm#i392674,1425-01-01T00:00:00Z,1479-01-01T00:00:00Z,,http://www.wikidata.org/prop/direct/P31,http://www.wikidata.org/prop/direct/P31,http://www.wikidata.org/entity/Q5,human
http://www.wikidata.org/entity/Q75902578,Sir David Guthrie,p39268.htm#i392674,1425-01-01T00:00:00Z,1479-01-01T00:00:00Z,,http://www.wikidata.org/prop/direct/P40,http://www.wikidata.org/prop/direct/P40,http://www.wikidata.org/entity/Q105815489,"Elizabeth Guthrie, of Kincaldrum"
http://www.wikidata.org/entity/Q75902578,Sir David Guthrie,p39268.htm#i392674,1425-01-01T00:00:00Z,1479-01-01T00:00:00Z,,http://www.wikidata.org/prop/direct/P40,http://www.wikidata.org/prop/direct/P40,http://www.wikidata.org/entity/Q76119528,Sir Alexander Guthrie of Guthrie
http://www.wikidata.org/entity/Q75902578,Sir David Guthrie,p39268.htm#i392674,1425-01-01T00:00:00Z,1479-01-01T00:00:00Z,,http://www.wikidata.org/prop/direct/P1819,http://www.wikidata.org/prop/direct/P1819,I00177451,I00177451
http://www.wikidata.org/entity/Q75902578,Sir David Guthrie,p39268.htm#i392674,1425-01-01T00:00:00Z,1479-01-01T00:00:00Z,,http://www.wikidata.org/prop/direct/P2949,http://www.wikidata.org/prop/direct/P2949,Guthrie-61,Guthrie-61
http://www.wikidata.org/entity/Q75902578,Sir David Guthrie,p39268.htm#i392674,1425-01-01T00:00:00Z,1479-01-01T00:00:00Z,,http://www.wikidata.org/prop/direct/P4638,http://www.wikidata.org/prop/direct/P4638,p39268.htm#i392674,p39268.htm#i392674
http://www.wikidata.org/entity/Q75902578,Sir David Guthrie,p39268.htm#i392674,1425-01-01T00:00:00Z,1479-01-01T00:00:00Z,,http://www.wikidata.org/prop/direct/P511,http://www.wikidata.org/prop/direct/P511,http://www.wikidata.org/entity/Q209690,Sir
http://www.wikidata.org/entity/Q75902578,Sir David Guthrie,p39268.htm#i392674,1425-01-01T00:00:00Z,1479-01-01T00:00:00Z,,http://www.wikidata.org/prop/direct/P569,http://www.wikidata.org/prop/direct/P569,1425-01-01T00:00:00Z,1425-01-01T00:00:00Z
http://www.wikidata.org/entity/Q75902578,Sir David Guthrie,p39268.htm#i392674,1425-01-01T00:00:00Z,1479-01-01T00:00:00Z,,http://www.wikidata.org/prop/direct/P570,http://www.wikidata.org/prop/direct/P570,1479-01-01T00:00:00Z,1479-01-01T00:00:00Z
http://www.wikidata.org/entity/Q75902587,Christian Dundas,p39268.htm#i392680,1413-01-01T00:00:00Z,1459-01-01T00:00:00Z,,http://www.wikidata.org/prop/direct/P21,http://www.wikidata.org/prop/direct/P21,http://www.wikidata.org/entity/Q6581072,female
http://www.wikidata.org/entity/Q75902587,Christian Dundas,p39268.htm#i392680,1413-01-01T00:00:00Z,1459-01-01T00:00:00Z,,http://www.wikidata.org/prop/direct/P22,http://www.wikidata.org/prop/direct/P22,http://www.wikidata.org/entity/Q66384762,James Dundas of Dundas
http://www.wikidata.org/entity/Q75902587,Christian Dundas,p39268.htm#i392680,1413-01-01T00:00:00Z,1459-01-01T00:00:00Z,,http://www.wikidata.org/prop/direct/P25,http://www.wikidata.org/prop/direct/P25,http://www.wikidata.org/entity/Q75268599,Christian Stewart
http://www.wikidata.org/entity/Q75902587,Christian Dundas,p39268.htm#i392680,1413-01-01T00:00:00Z,1459-01-01T00:00:00Z,,http://www.wikidata.org/prop/direct/P26,http://www.wikidata.org/prop/direct/P26,http://www.wikidata.org/entity/Q75280974,"Sir John Sandilands, 4th of Calder"
http://www.wikidata.org/entity/Q75902587,Christian Dundas,p39268.htm#i392680,1413-01-01T00:00:00Z,1459-01-01T00:00:00Z,,http://www.wikidata.org/prop/direct/P31,http://www.wikidata.org/prop/direct/P31,http://www.wikidata.org/entity/Q5,human
http://www.wikidata.org/entity/Q75902587,Christian Dundas,p39268.htm#i392680,1413-01-01T00:00:00Z,1459-01-01T00:00:00Z,,http://www.wikidata.org/prop/direct/P40,http://www.wikidata.org/prop/direct/P40,http://www.wikidata.org/entity/Q75408741,"Sir James Sandilands, 5th of Calder"
http://www.wikidata.org/entity/Q75902587,Christian Dundas,p39268.htm#i392680,1413-01-01T00:00:00Z,1459-01-01T00:00:00Z,,http://www.wikidata.org/prop/direct/P40,http://www.wikidata.org/prop/direct/P40,http://www.wikidata.org/entity/Q76193492,John Sandilands
http://www.wikidata.org/entity/Q75902587,Christian Dundas,p39268.htm#i392680,1413-01-01T00:00:00Z,1459-01-01T00:00:00Z,,http://www.wikidata.org/prop/direct/P1819,http://www.wikidata.org/prop/direct/P1819,I00276840,I00276840
http://www.wikidata.org/entity/Q75902587,Christian Dundas,p39268.htm#i392680,1413-01-01T00:00:00Z,1459-01-01T00:00:00Z,,http://www.wikidata.org/prop/direct/P2949,http://www.wikidata.org/prop/direct/P2949,Dundas-15,Dundas-15
http://www.wikidata.org/entity/Q75902587,Christian Dundas,p39268.htm#i392680,1413-01-01T00:00:00Z,1459-01-01T00:00:00Z,,http://www.wikidata.org/prop/direct/P4638,http://www.wikidata.org/prop/direct/P4638,p39268.htm#i392680,p39268.htm#i392680
http://www.wikidata.org/entity/Q75902587,Christian Dundas,p39268.htm#i392680,1413-01-01T00:00:00Z,1459-01-01T00:00:00Z,,http://www.wikidata.org/prop/direct/P569,http://www.wikidata.org/prop/direct/P569,1413-01-01T00:00:00Z,1413-01-01T00:00:00Z
http://www.wikidata.org/entity/Q75902587,Christian Dundas,p39268.htm#i392680,1413-01-01T00:00:00Z,1459-01-01T00:00:00Z,,http://www.wikidata.org/prop/direct/P570,http://www.wikidata.org/prop/direct/P570,1459-01-01T00:00:00Z,1459-01-01T00:00:00Z
http://www.wikidata.org/entity/Q75902587,Christian Dundas,p39268.htm#i392680,1413-01-01T00:00:00Z,1459-01-01T00:00:00Z,,http://www.wikidata.org/prop/direct/P734,http://www.wikidata.org/prop/direct/P734,http://www.wikidata.org/entity/Q16869712,Dundas
http://www.wikidata.org/entity/Q75902587,Christian Dundas,p39268.htm#i392680,1413-01-01T00:00:00Z,1459-01-01T00:00:00Z,,http://www.wikidata.org/prop/direct/P735,http://www.wikidata.org/prop/direct/P735,http://www.wikidata.org/entity/Q18001597,Christian
http://www.wikidata.org/entity/Q75902595,Agnes Borthwick,p39269.htm#i392687,1432-01-01T00:00:00Z,,,http://www.wikidata.org/prop/direct/P21,http://www.wikidata.org/prop/direct/P21,http://www.wikidata.org/entity/Q6581072,female
http://www.wikidata.org/entity/Q75902595,Agnes Borthwick,p39269.htm#i392687,1432-01-01T00:00:00Z,,,http://www.wikidata.org/prop/direct/P22,http://www.wikidata.org/prop/direct/P22,http://www.wikidata.org/entity/Q8005725,"William Borthwick, 1st Lord Borthwick"
http://www.wikidata.org/entity/Q75902595,Agnes Borthwick,p39269.htm#i392687,1432-01-01T00:00:00Z,,,http://www.wikidata.org/prop/direct/P25,http://www.wikidata.org/prop/direct/P25,http://www.wikidata.org/entity/Q75444243,unknown wife (?)
http://www.wikidata.org/entity/Q75902595,Agnes Borthwick,p39269.htm#i392687,1432-01-01T00:00:00Z,,,http://www.wikidata.org/prop/direct/P26,http://www.wikidata.org/prop/direct/P26,http://www.wikidata.org/entity/Q75902515,"Sir Archibald Dundas, 13th of Dundas"
http://www.wikidata.org/entity/Q75902595,Agnes Borthwick,p39269.htm#i392687,1432-01-01T00:00:00Z,,,http://www.wikidata.org/prop/direct/P31,http://www.wikidata.org/prop/direct/P31,http://www.wikidata.org/entity/Q5,human
http://www.wikidata.org/entity/Q75902595,Agnes Borthwick,p39269.htm#i392687,1432-01-01T00:00:00Z,,,http://www.wikidata.org/prop/direct/P40,http://www.wikidata.org/prop/direct/P40,http://www.wikidata.org/entity/Q75902597,"John Dundas, 14th of Dundas"
http://www.wikidata.org/entity/Q75902595,Agnes Borthwick,p39269.htm#i392687,1432-01-01T00:00:00Z,,,http://www.wikidata.org/prop/direct/P40,http://www.wikidata.org/prop/direct/P40,http://www.wikidata.org/entity/Q76112733,Janet Dundas
http://www.wikidata.org/entity/Q75902595,Agnes Borthwick,p39269.htm#i392687,1432-01-01T00:00:00Z,,,http://www.wikidata.org/prop/direct/P1819,http://www.wikidata.org/prop/direct/P1819,I00060613,I00060613
http://www.wikidata.org/entity/Q75902595,Agnes Borthwick,p39269.htm#i392687,1432-01-01T00:00:00Z,,,http://www.wikidata.org/prop/direct/P2949,http://www.wikidata.org/prop/direct/P2949,Borthwick-2,Borthwick-2
http://www.wikidata.org/entity/Q75902595,Agnes Borthwick,p39269.htm#i392687,1432-01-01T00:00:00Z,,,http://www.wikidata.org/prop/direct/P4638,http://www.wikidata.org/prop/direct/P4638,p39269.htm#i392687,p39269.htm#i392687
http://www.wikidata.org/entity/Q75902595,Agnes Borthwick,p39269.htm#i392687,1432-01-01T00:00:00Z,,,http://www.wikidata.org/prop/direct/P569,http://www.wikidata.org/prop/direct/P569,1432-01-01T00:00:00Z,1432-01-01T00:00:00Z
http://www.wikidata.org/entity/Q75902595,Agnes Borthwick,p39269.htm#i392687,1432-01-01T00:00:00Z,,,http://www.wikidata.org/prop/direct/P734,http://www.wikidata.org/prop/direct/P734,http://www.wikidata.org/entity/Q4946747,Borthwick
http://www.wikidata.org/entity/Q75902595,Agnes Borthwick,p39269.htm#i392687,1432-01-01T00:00:00Z,,,http://www.wikidata.org/prop/direct/P735,http://www.wikidata.org/prop/direct/P735,http://www.wikidata.org/entity/Q394431,Agnes
http://www.wikidata.org/entity/Q75902597,"John Dundas, 14th of Dundas",p39269.htm#i392688,,1494-01-01T00:00:00Z,,http://www.wikidata.org/prop/direct/P21,http://www.wikidata.org/prop/direct/P21,http://www.wikidata.org/entity/Q6581097,male
http://www.wikidata.org/entity/Q75902597,"John Dundas, 14th of Dundas",p39269.htm#i392688,,1494-01-01T00:00:00Z,,http://www.wikidata.org/prop/direct/P22,http://www.wikidata.org/prop/direct/P22,http://www.wikidata.org/entity/Q75902515,"Sir Archibald Dundas, 13th of Dundas"
http://www.wikidata.org/entity/Q75902597,"John Dundas, 14th of Dundas",p39269.htm#i392688,,1494-01-01T00:00:00Z,,http://www.wikidata.org/prop/direct/P25,http://www.wikidata.org/prop/direct/P25,http://www.wikidata.org/entity/Q75902595,Agnes Borthwick
http://www.wikidata.org/entity/Q75902597,"John Dundas, 14th of Dundas",p39269.htm#i392688,,1494-01-01T00:00:00Z,,http://www.wikidata.org/prop/direct/P31,http://www.wikidata.org/prop/direct/P31,http://www.wikidata.org/entity/Q5,human
http://www.wikidata.org/entity/Q75902597,"John Dundas, 14th of Dundas",p39269.htm#i392688,,1494-01-01T00:00:00Z,,http://www.wikidata.org/prop/direct/P40,http://www.wikidata.org/prop/direct/P40,http://www.wikidata.org/entity/Q75902599,"Sir William Dundas, 15th of Dundas"
http://www.wikidata.org/entity/Q75902597,"John Dundas, 14th of Dundas",p39269.htm#i392688,,1494-01-01T00:00:00Z,,http://www.wikidata.org/prop/direct/P1819,http://www.wikidata.org/prop/direct/P1819,I00060615,I00060615
http://www.wikidata.org/entity/Q75902597,"John Dundas, 14th of Dundas",p39269.htm#i392688,,1494-01-01T00:00:00Z,,http://www.wikidata.org/prop/direct/P2949,http://www.wikidata.org/prop/direct/P2949,Dundas-224,Dundas-224
http://www.wikidata.org/entity/Q75902597,"John Dundas, 14th of Dundas",p39269.htm#i392688,,1494-01-01T00:00:00Z,,http://www.wikidata.org/prop/direct/P4638,http://www.wikidata.org/prop/direct/P4638,p39269.htm#i392688,p39269.htm#i392688
http://www.wikidata.org/entity/Q75902597,"John Dundas, 14th of Dundas",p39269.htm#i392688,,1494-01-01T00:00:00Z,,http://www.wikidata.org/prop/direct/P570,http://www.wikidata.org/prop/direct/P570,1494-01-01T00:00:00Z,1494-01-01T00:00:00Z
http://www.wikidata.org/entity/Q75902597,"John Dundas, 14th of Dundas",p39269.htm#i392688,,1494-01-01T00:00:00Z,,http://www.wikidata.org/prop/direct/P734,http://www.wikidata.org/prop/direct/P734,http://www.wikidata.org/entity/Q16869712,Dundas
http://www.wikidata.org/entity/Q75902597,"John Dundas, 14th of Dundas",p39269.htm#i392688,,1494-01-01T00:00:00Z,,http://www.wikidata.org/prop/direct/P735,http://www.wikidata.org/prop/direct/P735,http://www.wikidata.org/entity/Q4925477,John
http://www.wikidata.org/entity/Q75902599,"Sir William Dundas, 15th of Dundas",p39269.htm#i392689,1470-01-01T00:00:00Z,1513-09-09T00:00:00Z,,http://www.wikidata.org/prop/direct/P21,http://www.wikidata.org/prop/direct/P21,http://www.wikidata.org/entity/Q6581097,male
http://www.wikidata.org/entity/Q75902599,"Sir William Dundas, 15th of Dundas",p39269.htm#i392689,1470-01-01T00:00:00Z,1513-09-09T00:00:00Z,,http://www.wikidata.org/prop/direct/P22,http://www.wikidata.org/prop/direct/P22,http://www.wikidata.org/entity/Q75902597,"John Dundas, 14th of Dundas"
http://www.wikidata.org/entity/Q75902599,"Sir William Dundas, 15th of Dundas",p39269.htm#i392689,1470-01-01T00:00:00Z,1513-09-09T00:00:00Z,,http://www.wikidata.org/prop/direct/P25,http://www.wikidata.org/prop/direct/P25,http://www.wikidata.org/entity/Q105815439,NN
http://www.wikidata.org/entity/Q75902599,"Sir William Dundas, 15th of Dundas",p39269.htm#i392689,1470-01-01T00:00:00Z,1513-09-09T00:00:00Z,,http://www.wikidata.org/prop/direct/P26,http://www.wikidata.org/prop/direct/P26,http://www.wikidata.org/entity/Q43445932,Margaret Wauchope
http://www.wikidata.org/entity/Q75902599,"Sir William Dundas, 15th of Dundas",p39269.htm#i392689,1470-01-01T00:00:00Z,1513-09-09T00:00:00Z,,http://www.wikidata.org/prop/direct/P31,http://www.wikidata.org/prop/direct/P31,http://www.wikidata.org/entity/Q5,human
http://www.wikidata.org/entity/Q75902599,"Sir William Dundas, 15th of Dundas",p39269.htm#i392689,1470-01-01T00:00:00Z,1513-09-09T00:00:00Z,,http://www.wikidata.org/prop/direct/P40,http://www.wikidata.org/prop/direct/P40,http://www.wikidata.org/entity/Q66384765,"Sir James Dundas, 16th of Dundas"
http://www.wikidata.org/entity/Q75902599,"Sir William Dundas, 15th of Dundas",p39269.htm#i392689,1470-01-01T00:00:00Z,1513-09-09T00:00:00Z,,http://www.wikidata.org/prop/direct/P40,http://www.wikidata.org/prop/direct/P40,http://www.wikidata.org/entity/Q75902604,William Dundas
http://www.wikidata.org/entity/Q75902599,"Sir William Dundas, 15th of Dundas",p39269.htm#i392689,1470-01-01T00:00:00Z,1513-09-09T00:00:00Z,,http://www.wikidata.org/prop/direct/P1819,http://www.wikidata.org/prop/direct/P1819,I00060616,I00060616
http://www.wikidata.org/entity/Q75902599,"Sir William Dundas, 15th of Dundas",p39269.htm#i392689,1470-01-01T00:00:00Z,1513-09-09T00:00:00Z,,http://www.wikidata.org/prop/direct/P2949,http://www.wikidata.org/prop/direct/P2949,Dundas-223,Dundas-223
http://www.wikidata.org/entity/Q75902599,"Sir William Dundas, 15th of Dundas",p39269.htm#i392689,1470-01-01T00:00:00Z,1513-09-09T00:00:00Z,,http://www.wikidata.org/prop/direct/P3051,http://www.wikidata.org/prop/direct/P3051,I13735,I13735
http://www.wikidata.org/entity/Q75902599,"Sir William Dundas, 15th of Dundas",p39269.htm#i392689,1470-01-01T00:00:00Z,1513-09-09T00:00:00Z,,http://www.wikidata.org/prop/direct/P4638,http://www.wikidata.org/prop/direct/P4638,p39269.htm#i392689,p39269.htm#i392689
http://www.wikidata.org/entity/Q75902599,"Sir William Dundas, 15th of Dundas",p39269.htm#i392689,1470-01-01T00:00:00Z,1513-09-09T00:00:00Z,,http://www.wikidata.org/prop/direct/P511,http://www.wikidata.org/prop/direct/P511,http://www.wikidata.org/entity/Q209690,Sir
http://www.wikidata.org/entity/Q75902599,"Sir William Dundas, 15th of Dundas",p39269.htm#i392689,1470-01-01T00:00:00Z,1513-09-09T00:00:00Z,,http://www.wikidata.org/prop/direct/P569,http://www.wikidata.org/prop/direct/P569,1470-01-01T00:00:00Z,1470-01-01T00:00:00Z
http://www.wikidata.org/entity/Q75902599,"Sir William Dundas, 15th of Dundas",p39269.htm#i392689,1470-01-01T00:00:00Z,1513-09-09T00:00:00Z,,http://www.wikidata.org/prop/direct/P570,http://www.wikidata.org/prop/direct/P570,1513-09-09T00:00:00Z,1513-09-09T00:00:00Z
http://www.wikidata.org/entity/Q75902599,"Sir William Dundas, 15th of Dundas",p39269.htm#i392689,1470-01-01T00:00:00Z,1513-09-09T00:00:00Z,,http://www.wikidata.org/prop/direct/P734,http://www.wikidata.org/prop/direct/P734,http://www.wikidata.org/entity/Q16869712,Dundas
http://www.wikidata.org/entity/Q75902599,"Sir William Dundas, 15th of Dundas",p39269.htm#i392689,1470-01-01T00:00:00Z,1513-09-09T00:00:00Z,,http://www.wikidata.org/prop/direct/P735,http://www.wikidata.org/prop/direct/P735,http://www.wikidata.org/entity/Q12344159,William
http://www.wikidata.org/entity/Q75902601,Archibald Wauchope of Niddrie,p39269.htm#i392690,1440-01-01T00:00:00Z,,,http://www.wikidata.org/prop/direct/P21,http://www.wikidata.org/prop/direct/P21,http://www.wikidata.org/entity/Q6581097,male
http://www.wikidata.org/entity/Q75902601,Archibald Wauchope of Niddrie,p39269.htm#i392690,1440-01-01T00:00:00Z,,,http://www.wikidata.org/prop/direct/P31,http://www.wikidata.org/prop/direct/P31,http://www.wikidata.org/entity/Q5,human
http://www.wikidata.org/entity/Q75902601,Archibald Wauchope of Niddrie,p39269.htm#i392690,1440-01-01T00:00:00Z,,,http://www.wikidata.org/prop/direct/P40,http://www.wikidata.org/prop/direct/P40,http://www.wikidata.org/entity/Q43445932,Margaret Wauchope
http://www.wikidata.org/entity/Q75902601,Archibald Wauchope of Niddrie,p39269.htm#i392690,1440-01-01T00:00:00Z,,,http://www.wikidata.org/prop/direct/P40,http://www.wikidata.org/prop/direct/P40,http://www.wikidata.org/entity/Q76274725,Gilbert Wauchope of Niddrie
http://www.wikidata.org/entity/Q75902601,Archibald Wauchope of Niddrie,p39269.htm#i392690,1440-01-01T00:00:00Z,,,http://www.wikidata.org/prop/direct/P1819,http://www.wikidata.org/prop/direct/P1819,I00060618,I00060618
http://www.wikidata.org/entity/Q75902601,Archibald Wauchope of Niddrie,p39269.htm#i392690,1440-01-01T00:00:00Z,,,http://www.wikidata.org/prop/direct/P2949,http://www.wikidata.org/prop/direct/P2949,Wauchope-75,Wauchope-75
http://www.wikidata.org/entity/Q75902601,Archibald Wauchope of Niddrie,p39269.htm#i392690,1440-01-01T00:00:00Z,,,http://www.wikidata.org/prop/direct/P4638,http://www.wikidata.org/prop/direct/P4638,p39269.htm#i392690,p39269.htm#i392690
http://www.wikidata.org/entity/Q75902601,Archibald Wauchope of Niddrie,p39269.htm#i392690,1440-01-01T00:00:00Z,,,http://www.wikidata.org/prop/direct/P569,http://www.wikidata.org/prop/direct/P569,1440-01-01T00:00:00Z,1440-01-01T00:00:00Z
http://www.wikidata.org/entity/Q75902601,Archibald Wauchope of Niddrie,p39269.htm#i392690,1440-01-01T00:00:00Z,,,http://www.wikidata.org/prop/direct/P735,http://www.wikidata.org/prop/direct/P735,http://www.wikidata.org/entity/Q19767773,Archibald
http://www.wikidata.org/entity/Q75902617,Sir Richard de Hastings,p39271.htm#i392702,1387-01-01T00:00:00Z,1436-09-10T00:00:00Z,,http://www.wikidata.org/prop/direct/P21,http://www.wikidata.org/prop/direct/P21,http://www.wikidata.org/entity/Q6581097,male
http://www.wikidata.org/entity/Q75902617,Sir Richard de Hastings,p39271.htm#i392702,1387-01-01T00:00:00Z,1436-09-10T00:00:00Z,,http://www.wikidata.org/prop/direct/P22,http://www.wikidata.org/prop/direct/P22,http://www.wikidata.org/entity/Q18530697,Ralph Hastings
http://www.wikidata.org/entity/Q75902617,Sir Richard de Hastings,p39271.htm#i392702,1387-01-01T00:00:00Z,1436-09-10T00:00:00Z,,http://www.wikidata.org/prop/direct/P25,http://www.wikidata.org/prop/direct/P25,http://www.wikidata.org/entity/Q75781134,Maud de St. John
http://www.wikidata.org/entity/Q75902617,Sir Richard de Hastings,p39271.htm#i392702,1387-01-01T00:00:00Z,1436-09-10T00:00:00Z,,http://www.wikidata.org/prop/direct/P26,http://www.wikidata.org/prop/direct/P26,http://www.wikidata.org/entity/Q75902618,Elizabeth Beaumont
http://www.wikidata.org/entity/Q75902617,Sir Richard de Hastings,p39271.htm#i392702,1387-01-01T00:00:00Z,1436-09-10T00:00:00Z,,http://www.wikidata.org/prop/direct/P31,http://www.wikidata.org/prop/direct/P31,http://www.wikidata.org/entity/Q5,human
http://www.wikidata.org/entity/Q75902617,Sir Richard de Hastings,p39271.htm#i392702,1387-01-01T00:00:00Z,1436-09-10T00:00:00Z,,http://www.wikidata.org/prop/direct/P4638,http://www.wikidata.org/prop/direct/P4638,p39271.htm#i392702,p39271.htm#i392702
http://www.wikidata.org/entity/Q75902617,Sir Richard de Hastings,p39271.htm#i392702,1387-01-01T00:00:00Z,1436-09-10T00:00:00Z,,http://www.wikidata.org/prop/direct/P511,http://www.wikidata.org/prop/direct/P511,http://www.wikidata.org/entity/Q209690,Sir
http://www.wikidata.org/entity/Q75902617,Sir Richard de Hastings,p39271.htm#i392702,1387-01-01T00:00:00Z,1436-09-10T00:00:00Z,,http://www.wikidata.org/prop/direct/P569,http://www.wikidata.org/prop/direct/P569,1387-01-01T00:00:00Z,1387-01-01T00:00:00Z
http://www.wikidata.org/entity/Q75902617,Sir Richard de Hastings,p39271.htm#i392702,1387-01-01T00:00:00Z,1436-09-10T00:00:00Z,,http://www.wikidata.org/prop/direct/P570,http://www.wikidata.org/prop/direct/P570,1436-09-10T00:00:00Z,1436-09-10T00:00:00Z
http://www.wikidata.org/entity/Q75902617,Sir Richard de Hastings,p39271.htm#i392702,1387-01-01T00:00:00Z,1436-09-10T00:00:00Z,,http://www.wikidata.org/prop/direct/P735,http://www.wikidata.org/prop/direct/P735,http://www.wikidata.org/entity/Q1249148,Richard
http://www.wikidata.org/entity/Q75902618,Elizabeth Beaumont,p39271.htm#i392703,1389-01-01T00:00:00Z,1477-01-01T00:00:00Z,,http://www.wikidata.org/prop/direct/P21,http://www.wikidata.org/prop/direct/P21,http://www.wikidata.org/entity/Q6581072,female
http://www.wikidata.org/entity/Q75902618,Elizabeth Beaumont,p39271.htm#i392703,1389-01-01T00:00:00Z,1477-01-01T00:00:00Z,,http://www.wikidata.org/prop/direct/P22,http://www.wikidata.org/prop/direct/P22,http://www.wikidata.org/entity/Q61927377,"Henry Beaumont, 3rd Baron Beaumont"
http://www.wikidata.org/entity/Q75902618,Elizabeth Beaumont,p39271.htm#i392703,1389-01-01T00:00:00Z,1477-01-01T00:00:00Z,,http://www.wikidata.org/prop/direct/P26,http://www.wikidata.org/prop/direct/P26,http://www.wikidata.org/entity/Q75902617,Sir Richard de Hastings
http://www.wikidata.org/entity/Q75902618,Elizabeth Beaumont,p39271.htm#i392703,1389-01-01T00:00:00Z,1477-01-01T00:00:00Z,,http://www.wikidata.org/prop/direct/P31,http://www.wikidata.org/prop/direct/P31,http://www.wikidata.org/entity/Q5,human
http://www.wikidata.org/entity/Q75902618,Elizabeth Beaumont,p39271.htm#i392703,1389-01-01T00:00:00Z,1477-01-01T00:00:00Z,,http://www.wikidata.org/prop/direct/P4638,http://www.wikidata.org/prop/direct/P4638,p39271.htm#i392703,p39271.htm#i392703
http://www.wikidata.org/entity/Q75902618,Elizabeth Beaumont,p39271.htm#i392703,1389-01-01T00:00:00Z,1477-01-01T00:00:00Z,,http://www.wikidata.org/prop/direct/P569,http://www.wikidata.org/prop/direct/P569,1389-01-01T00:00:00Z,1389-01-01T00:00:00Z
http://www.wikidata.org/entity/Q75902618,Elizabeth Beaumont,p39271.htm#i392703,1389-01-01T00:00:00Z,1477-01-01T00:00:00Z,,http://www.wikidata.org/prop/direct/P570,http://www.wikidata.org/prop/direct/P570,1477-01-01T00:00:00Z,1477-01-01T00:00:00Z
http://www.wikidata.org/entity/Q75902618,Elizabeth Beaumont,p39271.htm#i392703,1389-01-01T00:00:00Z,1477-01-01T00:00:00Z,,http://www.wikidata.org/prop/direct/P734,http://www.wikidata.org/prop/direct/P734,http://www.wikidata.org/entity/Q813422,Beaumont
http://www.wikidata.org/entity/Q75902618,Elizabeth Beaumont,p39271.htm#i392703,1389-01-01T00:00:00Z,1477-01-01T00:00:00Z,,http://www.wikidata.org/prop/direct/P735,http://www.wikidata.org/prop/direct/P735,http://www.wikidata.org/entity/Q385468,Elizabeth
http://www.wikidata.org/entity/Q75902622,Bartholomew de Hastings,p39271.htm#i392705,1396-01-01T00:00:00Z,,,http://www.wikidata.org/prop/direct/P21,http://www.wikidata.org/prop/direct/P21,http://www.wikidata.org/entity/Q6581097,male
http://www.wikidata.org/entity/Q75902622,Bartholomew de Hastings,p39271.htm#i392705,1396-01-01T00:00:00Z,,,http://www.wikidata.org/prop/direct/P22,http://www.wikidata.org/prop/direct/P22,http://www.wikidata.org/entity/Q18530697,Ralph Hastings
http://www.wikidata.org/entity/Q75902622,Bartholomew de Hastings,p39271.htm#i392705,1396-01-01T00:00:00Z,,,http://www.wikidata.org/prop/direct/P25,http://www.wikidata.org/prop/direct/P25,http://www.wikidata.org/entity/Q75781134,Maud de St. John
http://www.wikidata.org/entity/Q75902622,Bartholomew de Hastings,p39271.htm#i392705,1396-01-01T00:00:00Z,,,http://www.wikidata.org/prop/direct/P31,http://www.wikidata.org/prop/direct/P31,http://www.wikidata.org/entity/Q5,human
http://www.wikidata.org/entity/Q75902622,Bartholomew de Hastings,p39271.htm#i392705,1396-01-01T00:00:00Z,,,http://www.wikidata.org/prop/direct/P4638,http://www.wikidata.org/prop/direct/P4638,p39271.htm#i392705,p39271.htm#i392705
http://www.wikidata.org/entity/Q75902622,Bartholomew de Hastings,p39271.htm#i392705,1396-01-01T00:00:00Z,,,http://www.wikidata.org/prop/direct/P569,http://www.wikidata.org/prop/direct/P569,1396-01-01T00:00:00Z,1396-01-01T00:00:00Z
http://www.wikidata.org/entity/Q75902622,Bartholomew de Hastings,p39271.htm#i392705,1396-01-01T00:00:00Z,,,http://www.wikidata.org/prop/direct/P735,http://www.wikidata.org/prop/direct/P735,http://www.wikidata.org/entity/Q4926315,Bartholomew
http://www.wikidata.org/entity/Q75902623,Maud de Hastings,p39271.htm#i392706,1398-01-01T00:00:00Z,,,http://www.wikidata.org/prop/direct/P21,http://www.wikidata.org/prop/direct/P21,http://www.wikidata.org/entity/Q6581072,female
http://www.wikidata.org/entity/Q75902623,Maud de Hastings,p39271.htm#i392706,1398-01-01T00:00:00Z,,,http://www.wikidata.org/prop/direct/P22,http://www.wikidata.org/prop/direct/P22,http://www.wikidata.org/entity/Q18530697,Ralph Hastings
http://www.wikidata.org/entity/Q75902623,Maud de Hastings,p39271.htm#i392706,1398-01-01T00:00:00Z,,,http://www.wikidata.org/prop/direct/P25,http://www.wikidata.org/prop/direct/P25,http://www.wikidata.org/entity/Q75781134,Maud de St. John
http://www.wikidata.org/entity/Q75902623,Maud de Hastings,p39271.htm#i392706,1398-01-01T00:00:00Z,,,http://www.wikidata.org/prop/direct/P31,http://www.wikidata.org/prop/direct/P31,http://www.wikidata.org/entity/Q5,human
http://www.wikidata.org/entity/Q75902623,Maud de Hastings,p39271.htm#i392706,1398-01-01T00:00:00Z,,,http://www.wikidata.org/prop/direct/P4638,http://www.wikidata.org/prop/direct/P4638,p39271.htm#i392706,p39271.htm#i392706
http://www.wikidata.org/entity/Q75902623,Maud de Hastings,p39271.htm#i392706,1398-01-01T00:00:00Z,,,http://www.wikidata.org/prop/direct/P569,http://www.wikidata.org/prop/direct/P569,1398-01-01T00:00:00Z,1398-01-01T00:00:00Z
http://www.wikidata.org/entity/Q75902623,Maud de Hastings,p39271.htm#i392706,1398-01-01T00:00:00Z,,,http://www.wikidata.org/prop/direct/P735,http://www.wikidata.org/prop/direct/P735,http://www.wikidata.org/entity/Q1781876,Maud
http://www.wikidata.org/entity/Q75902625,Isabel de Saddyngton,p39271.htm#i392707,1325-01-01T00:00:00Z,,,http://www.wikidata.org/prop/direct/P21,http://www.wikidata.org/prop/direct/P21,http://www.wikidata.org/entity/Q6581072,female
http://www.wikidata.org/entity/Q75902625,Isabel de Saddyngton,p39271.htm#i392707,1325-01-01T00:00:00Z,,,http://www.wikidata.org/prop/direct/P26,http://www.wikidata.org/prop/direct/P26,http://www.wikidata.org/entity/Q18530697,Ralph Hastings
http://www.wikidata.org/entity/Q75902625,Isabel de Saddyngton,p39271.htm#i392707,1325-01-01T00:00:00Z,,,http://www.wikidata.org/prop/direct/P31,http://www.wikidata.org/prop/direct/P31,http://www.wikidata.org/entity/Q5,human
http://www.wikidata.org/entity/Q75902625,Isabel de Saddyngton,p39271.htm#i392707,1325-01-01T00:00:00Z,,,http://www.wikidata.org/prop/direct/P40,http://www.wikidata.org/prop/direct/P40,http://www.wikidata.org/entity/Q75903243,Margaret Hastings
http://www.wikidata.org/entity/Q75902625,Isabel de Saddyngton,p39271.htm#i392707,1325-01-01T00:00:00Z,,,http://www.wikidata.org/prop/direct/P2949,http://www.wikidata.org/prop/direct/P2949,Sadington-1,Sadington-1
http://www.wikidata.org/entity/Q75902625,Isabel de Saddyngton,p39271.htm#i392707,1325-01-01T00:00:00Z,,,http://www.wikidata.org/prop/direct/P4638,http://www.wikidata.org/prop/direct/P4638,p39271.htm#i392707,p39271.htm#i392707
http://www.wikidata.org/entity/Q75902625,Isabel de Saddyngton,p39271.htm#i392707,1325-01-01T00:00:00Z,,,http://www.wikidata.org/prop/direct/P569,http://www.wikidata.org/prop/direct/P569,1325-01-01T00:00:00Z,1325-01-01T00:00:00Z
http://www.wikidata.org/entity/Q75902625,Isabel de Saddyngton,p39271.htm#i392707,1325-01-01T00:00:00Z,,,http://www.wikidata.org/prop/direct/P735,http://www.wikidata.org/prop/direct/P735,http://www.wikidata.org/entity/Q4218918,Isabel
http://www.wikidata.org/entity/Q75902627,Sir Roger Heron,p39271.htm#i392709,,1423-01-01T00:00:00Z,,http://www.wikidata.org/prop/direct/P21,http://www.wikidata.org/prop/direct/P21,http://www.wikidata.org/entity/Q6581097,male
http://www.wikidata.org/entity/Q75902627,Sir Roger Heron,p39271.htm#i392709,,1423-01-01T00:00:00Z,,http://www.wikidata.org/prop/direct/P26,http://www.wikidata.org/prop/direct/P26,http://www.wikidata.org/entity/Q75903243,Margaret Hastings
http://www.wikidata.org/entity/Q75902627,Sir Roger Heron,p39271.htm#i392709,,1423-01-01T00:00:00Z,,http://www.wikidata.org/prop/direct/P31,http://www.wikidata.org/prop/direct/P31,http://www.wikidata.org/entity/Q5,human
http://www.wikidata.org/entity/Q75902627,Sir Roger Heron,p39271.htm#i392709,,1423-01-01T00:00:00Z,,http://www.wikidata.org/prop/direct/P40,http://www.wikidata.org/prop/direct/P40,http://www.wikidata.org/entity/Q75902630,Isobel Heron
http://www.wikidata.org/entity/Q75902627,Sir Roger Heron,p39271.htm#i392709,,1423-01-01T00:00:00Z,,http://www.wikidata.org/prop/direct/P4638,http://www.wikidata.org/prop/direct/P4638,p39271.htm#i392709,p39271.htm#i392709
http://www.wikidata.org/entity/Q75902627,Sir Roger Heron,p39271.htm#i392709,,1423-01-01T00:00:00Z,,http://www.wikidata.org/prop/direct/P511,http://www.wikidata.org/prop/direct/P511,http://www.wikidata.org/entity/Q209690,Sir
http://www.wikidata.org/entity/Q75902627,Sir Roger Heron,p39271.htm#i392709,,1423-01-01T00:00:00Z,,http://www.wikidata.org/prop/direct/P570,http://www.wikidata.org/prop/direct/P570,1423-01-01T00:00:00Z,1423-01-01T00:00:00Z
http://www.wikidata.org/entity/Q75902630,Isobel Heron,p39272.htm#i392711,1406-01-01T00:00:00Z,,,http://www.wikidata.org/prop/direct/P21,http://www.wikidata.org/prop/direct/P21,http://www.wikidata.org/entity/Q6581072,female
http://www.wikidata.org/entity/Q75902630,Isobel Heron,p39272.htm#i392711,1406-01-01T00:00:00Z,,,http://www.wikidata.org/prop/direct/P22,http://www.wikidata.org/prop/direct/P22,http://www.wikidata.org/entity/Q75902627,Sir Roger Heron
http://www.wikidata.org/entity/Q75902630,Isobel Heron,p39272.htm#i392711,1406-01-01T00:00:00Z,,,http://www.wikidata.org/prop/direct/P25,http://www.wikidata.org/prop/direct/P25,http://www.wikidata.org/entity/Q75903243,Margaret Hastings
http://www.wikidata.org/entity/Q75902630,Isobel Heron,p39272.htm#i392711,1406-01-01T00:00:00Z,,,http://www.wikidata.org/prop/direct/P26,http://www.wikidata.org/prop/direct/P26,http://www.wikidata.org/entity/Q75902668,Sir Thomas Haselrig
http://www.wikidata.org/entity/Q75902630,Isobel Heron,p39272.htm#i392711,1406-01-01T00:00:00Z,,,http://www.wikidata.org/prop/direct/P31,http://www.wikidata.org/prop/direct/P31,http://www.wikidata.org/entity/Q5,human
http://www.wikidata.org/entity/Q75902630,Isobel Heron,p39272.htm#i392711,1406-01-01T00:00:00Z,,,http://www.wikidata.org/prop/direct/P40,http://www.wikidata.org/prop/direct/P40,http://www.wikidata.org/entity/Q75902675,Thomas Haselrig
http://www.wikidata.org/entity/Q75902630,Isobel Heron,p39272.htm#i392711,1406-01-01T00:00:00Z,,,http://www.wikidata.org/prop/direct/P4638,http://www.wikidata.org/prop/direct/P4638,p39272.htm#i392711,p39272.htm#i392711
http://www.wikidata.org/entity/Q75902630,Isobel Heron,p39272.htm#i392711,1406-01-01T00:00:00Z,,,http://www.wikidata.org/prop/direct/P569,http://www.wikidata.org/prop/direct/P569,1406-01-01T00:00:00Z,1406-01-01T00:00:00Z
http://www.wikidata.org/entity/Q75902630,Isobel Heron,p39272.htm#i392711,1406-01-01T00:00:00Z,,,http://www.wikidata.org/prop/direct/P735,http://www.wikidata.org/prop/direct/P735,http://www.wikidata.org/entity/Q16277155,Isobel
http://www.wikidata.org/entity/Q75902650,Sir John Meaux,p39273.htm#i392725,,1372-01-01T00:00:00Z,,http://www.wikidata.org/prop/direct/P21,http://www.wikidata.org/prop/direct/P21,http://www.wikidata.org/entity/Q6581097,male
http://www.wikidata.org/entity/Q75902650,Sir John Meaux,p39273.htm#i392725,,1372-01-01T00:00:00Z,,http://www.wikidata.org/prop/direct/P22,http://www.wikidata.org/prop/direct/P22,http://www.wikidata.org/entity/Q75902652,Sir Godfrey de Meaux
http://www.wikidata.org/entity/Q75902650,Sir John Meaux,p39273.htm#i392725,,1372-01-01T00:00:00Z,,http://www.wikidata.org/prop/direct/P26,http://www.wikidata.org/prop/direct/P26,http://www.wikidata.org/entity/Q75781134,Maud de St. John
http://www.wikidata.org/entity/Q75902650,Sir John Meaux,p39273.htm#i392725,,1372-01-01T00:00:00Z,,http://www.wikidata.org/prop/direct/P31,http://www.wikidata.org/prop/direct/P31,http://www.wikidata.org/entity/Q5,human
http://www.wikidata.org/entity/Q75902650,Sir John Meaux,p39273.htm#i392725,,1372-01-01T00:00:00Z,,http://www.wikidata.org/prop/direct/P4638,http://www.wikidata.org/prop/direct/P4638,p39273.htm#i392725,p39273.htm#i392725
http://www.wikidata.org/entity/Q75902650,Sir John Meaux,p39273.htm#i392725,,1372-01-01T00:00:00Z,,http://www.wikidata.org/prop/direct/P511,http://www.wikidata.org/prop/direct/P511,http://www.wikidata.org/entity/Q209690,Sir
http://www.wikidata.org/entity/Q75902650,Sir John Meaux,p39273.htm#i392725,,1372-01-01T00:00:00Z,,http://www.wikidata.org/prop/direct/P570,http://www.wikidata.org/prop/direct/P570,1372-01-01T00:00:00Z,1372-01-01T00:00:00Z
http://www.wikidata.org/entity/Q75902650,Sir John Meaux,p39273.htm#i392725,,1372-01-01T00:00:00Z,,http://www.wikidata.org/prop/direct/P735,http://www.wikidata.org/prop/direct/P735,http://www.wikidata.org/entity/Q4925477,John
http://www.wikidata.org/entity/Q75902675,Thomas Haselrig,p39275.htm#i392744,,1467-01-01T00:00:00Z,,http://www.wikidata.org/prop/direct/P21,http://www.wikidata.org/prop/direct/P21,http://www.wikidata.org/entity/Q6581097,male
http://www.wikidata.org/entity/Q75902675,Thomas Haselrig,p39275.htm#i392744,,1467-01-01T00:00:00Z,,http://www.wikidata.org/prop/direct/P22,http://www.wikidata.org/prop/direct/P22,http://www.wikidata.org/entity/Q75902668,Sir Thomas Haselrig
http://www.wikidata.org/entity/Q75902675,Thomas Haselrig,p39275.htm#i392744,,1467-01-01T00:00:00Z,,http://www.wikidata.org/prop/direct/P25,http://www.wikidata.org/prop/direct/P25,http://www.wikidata.org/entity/Q75902630,Isobel Heron
http://www.wikidata.org/entity/Q75902675,Thomas Haselrig,p39275.htm#i392744,,1467-01-01T00:00:00Z,,http://www.wikidata.org/prop/direct/P26,http://www.wikidata.org/prop/direct/P26,http://www.wikidata.org/entity/Q75902677,Margaret Broket
http://www.wikidata.org/entity/Q75902675,Thomas Haselrig,p39275.htm#i392744,,1467-01-01T00:00:00Z,,http://www.wikidata.org/prop/direct/P31,http://www.wikidata.org/prop/direct/P31,http://www.wikidata.org/entity/Q5,human
http://www.wikidata.org/entity/Q75902675,Thomas Haselrig,p39275.htm#i392744,,1467-01-01T00:00:00Z,,http://www.wikidata.org/prop/direct/P4638,http://www.wikidata.org/prop/direct/P4638,p39275.htm#i392744,p39275.htm#i392744
http://www.wikidata.org/entity/Q75902675,Thomas Haselrig,p39275.htm#i392744,,1467-01-01T00:00:00Z,,http://www.wikidata.org/prop/direct/P570,http://www.wikidata.org/prop/direct/P570,1467-01-01T00:00:00Z,1467-01-01T00:00:00Z
http://www.wikidata.org/entity/Q75902675,Thomas Haselrig,p39275.htm#i392744,,1467-01-01T00:00:00Z,,http://www.wikidata.org/prop/direct/P734,http://www.wikidata.org/prop/direct/P734,http://www.wikidata.org/entity/Q5678794,Haselrig
http://www.wikidata.org/entity/Q75902675,Thomas Haselrig,p39275.htm#i392744,,1467-01-01T00:00:00Z,,http://www.wikidata.org/prop/direct/P735,http://www.wikidata.org/prop/direct/P735,http://www.wikidata.org/entity/Q16428906,Thomas
http://www.wikidata.org/entity/Q75902840,"Sir James Sandilands, 7th of Calder",p39284.htm#i392835,1482-01-01T00:00:00Z,1559-12-01T00:00:00Z,,http://www.wikidata.org/prop/direct/P21,http://www.wikidata.org/prop/direct/P21,http://www.wikidata.org/entity/Q6581097,male
http://www.wikidata.org/entity/Q75902840,"Sir James Sandilands, 7th of Calder",p39284.htm#i392835,1482-01-01T00:00:00Z,1559-12-01T00:00:00Z,,http://www.wikidata.org/prop/direct/P22,http://www.wikidata.org/prop/direct/P22,http://www.wikidata.org/entity/Q75628745,"John Sandilands, 6th of Calder"
http://www.wikidata.org/entity/Q75902840,"Sir James Sandilands, 7th of Calder",p39284.htm#i392835,1482-01-01T00:00:00Z,1559-12-01T00:00:00Z,,http://www.wikidata.org/prop/direct/P25,http://www.wikidata.org/prop/direct/P25,http://www.wikidata.org/entity/Q75628743,Elizabeth Scrymgeour
http://www.wikidata.org/entity/Q75902840,"Sir James Sandilands, 7th of Calder",p39284.htm#i392835,1482-01-01T00:00:00Z,1559-12-01T00:00:00Z,,http://www.wikidata.org/prop/direct/P26,http://www.wikidata.org/prop/direct/P26,http://www.wikidata.org/entity/Q76193417,Mariot Forrester
http://www.wikidata.org/entity/Q75902840,"Sir James Sandilands, 7th of Calder",p39284.htm#i392835,1482-01-01T00:00:00Z,1559-12-01T00:00:00Z,,http://www.wikidata.org/prop/direct/P31,http://www.wikidata.org/prop/direct/P31,http://www.wikidata.org/entity/Q5,human
http://www.wikidata.org/entity/Q75902840,"Sir James Sandilands, 7th of Calder",p39284.htm#i392835,1482-01-01T00:00:00Z,1559-12-01T00:00:00Z,,http://www.wikidata.org/prop/direct/P40,http://www.wikidata.org/prop/direct/P40,http://www.wikidata.org/entity/Q50823876,John Sandilands of Calder
http://www.wikidata.org/entity/Q75902840,"Sir James Sandilands, 7th of Calder",p39284.htm#i392835,1482-01-01T00:00:00Z,1559-12-01T00:00:00Z,,http://www.wikidata.org/prop/direct/P40,http://www.wikidata.org/prop/direct/P40,http://www.wikidata.org/entity/Q6142768,"James Sandilands, 1st Lord Torphichen"
http://www.wikidata.org/entity/Q75902840,"Sir James Sandilands, 7th of Calder",p39284.htm#i392835,1482-01-01T00:00:00Z,1559-12-01T00:00:00Z,,http://www.wikidata.org/prop/direct/P40,http://www.wikidata.org/prop/direct/P40,http://www.wikidata.org/entity/Q75902909,Margaret Sandilands
http://www.wikidata.org/entity/Q75902840,"Sir James Sandilands, 7th of Calder",p39284.htm#i392835,1482-01-01T00:00:00Z,1559-12-01T00:00:00Z,,http://www.wikidata.org/prop/direct/P40,http://www.wikidata.org/prop/direct/P40,http://www.wikidata.org/entity/Q76193463,Alison Sandilands
http://www.wikidata.org/entity/Q75902840,"Sir James Sandilands, 7th of Calder",p39284.htm#i392835,1482-01-01T00:00:00Z,1559-12-01T00:00:00Z,,http://www.wikidata.org/prop/direct/P40,http://www.wikidata.org/prop/direct/P40,http://www.wikidata.org/entity/Q76193474,Agnes Sandilands
http://www.wikidata.org/entity/Q75902840,"Sir James Sandilands, 7th of Calder",p39284.htm#i392835,1482-01-01T00:00:00Z,1559-12-01T00:00:00Z,,http://www.wikidata.org/prop/direct/P1819,http://www.wikidata.org/prop/direct/P1819,I00325209,I00325209
http://www.wikidata.org/entity/Q75902840,"Sir James Sandilands, 7th of Calder",p39284.htm#i392835,1482-01-01T00:00:00Z,1559-12-01T00:00:00Z,,http://www.wikidata.org/prop/direct/P2949,http://www.wikidata.org/prop/direct/P2949,Sandilands-115,Sandilands-115
http://www.wikidata.org/entity/Q75902840,"Sir James Sandilands, 7th of Calder",p39284.htm#i392835,1482-01-01T00:00:00Z,1559-12-01T00:00:00Z,,http://www.wikidata.org/prop/direct/P4638,http://www.wikidata.org/prop/direct/P4638,p39284.htm#i392835,p39284.htm#i392835
http://www.wikidata.org/entity/Q75902840,"Sir James Sandilands, 7th of Calder",p39284.htm#i392835,1482-01-01T00:00:00Z,1559-12-01T00:00:00Z,,http://www.wikidata.org/prop/direct/P511,http://www.wikidata.org/prop/direct/P511,http://www.wikidata.org/entity/Q209690,Sir
http://www.wikidata.org/entity/Q75902840,"Sir James Sandilands, 7th of Calder",p39284.htm#i392835,1482-01-01T00:00:00Z,1559-12-01T00:00:00Z,,http://www.wikidata.org/prop/direct/P569,http://www.wikidata.org/prop/direct/P569,1482-01-01T00:00:00Z,1482-01-01T00:00:00Z
http://www.wikidata.org/entity/Q75902840,"Sir James Sandilands, 7th of Calder",p39284.htm#i392835,1482-01-01T00:00:00Z,1559-12-01T00:00:00Z,,http://www.wikidata.org/prop/direct/P570,http://www.wikidata.org/prop/direct/P570,1559-12-01T00:00:00Z,1559-12-01T00:00:00Z
http://www.wikidata.org/entity/Q75902840,"Sir James Sandilands, 7th of Calder",p39284.htm#i392835,1482-01-01T00:00:00Z,1559-12-01T00:00:00Z,,http://www.wikidata.org/prop/direct/P735,http://www.wikidata.org/prop/direct/P735,http://www.wikidata.org/entity/Q677191,James
http://www.wikidata.org/entity/Q75902913,"David Boswell, 4th of Balmuto",p39288.htm#i392873,1498-01-01T00:00:00Z,1582-05-08T00:00:00Z,,http://www.wikidata.org/prop/direct/P21,http://www.wikidata.org/prop/direct/P21,http://www.wikidata.org/entity/Q6581097,male
http://www.wikidata.org/entity/Q75902913,"David Boswell, 4th of Balmuto",p39288.htm#i392873,1498-01-01T00:00:00Z,1582-05-08T00:00:00Z,,http://www.wikidata.org/prop/direct/P22,http://www.wikidata.org/prop/direct/P22,http://www.wikidata.org/entity/Q75605535,"Sir Alexander Boswell, 3rd of Balmuto"
http://www.wikidata.org/entity/Q75902913,"David Boswell, 4th of Balmuto",p39288.htm#i392873,1498-01-01T00:00:00Z,1582-05-08T00:00:00Z,,http://www.wikidata.org/prop/direct/P25,http://www.wikidata.org/prop/direct/P25,http://www.wikidata.org/entity/Q75605534,Elizabeth Ramsay
http://www.wikidata.org/entity/Q75902913,"David Boswell, 4th of Balmuto",p39288.htm#i392873,1498-01-01T00:00:00Z,1582-05-08T00:00:00Z,,http://www.wikidata.org/prop/direct/P26,http://www.wikidata.org/prop/direct/P26,http://www.wikidata.org/entity/Q76364508,Elizabeth Moncreiffe
http://www.wikidata.org/entity/Q75902913,"David Boswell, 4th of Balmuto",p39288.htm#i392873,1498-01-01T00:00:00Z,1582-05-08T00:00:00Z,,http://www.wikidata.org/prop/direct/P31,http://www.wikidata.org/prop/direct/P31,http://www.wikidata.org/entity/Q5,human
http://www.wikidata.org/entity/Q75902913,"David Boswell, 4th of Balmuto",p39288.htm#i392873,1498-01-01T00:00:00Z,1582-05-08T00:00:00Z,,http://www.wikidata.org/prop/direct/P40,http://www.wikidata.org/prop/direct/P40,http://www.wikidata.org/entity/Q111489944,Katherine Boswell
http://www.wikidata.org/entity/Q75902913,"David Boswell, 4th of Balmuto",p39288.htm#i392873,1498-01-01T00:00:00Z,1582-05-08T00:00:00Z,,http://www.wikidata.org/prop/direct/P40,http://www.wikidata.org/prop/direct/P40,http://www.wikidata.org/entity/Q75902915,Margaret Boswell
http://www.wikidata.org/entity/Q75902913,"David Boswell, 4th of Balmuto",p39288.htm#i392873,1498-01-01T00:00:00Z,1582-05-08T00:00:00Z,,http://www.wikidata.org/prop/direct/P40,http://www.wikidata.org/prop/direct/P40,http://www.wikidata.org/entity/Q76373848,Christian Boswell
http://www.wikidata.org/entity/Q75902913,"David Boswell, 4th of Balmuto",p39288.htm#i392873,1498-01-01T00:00:00Z,1582-05-08T00:00:00Z,,http://www.wikidata.org/prop/direct/P1819,http://www.wikidata.org/prop/direct/P1819,I00753805,I00753805
http://www.wikidata.org/entity/Q75902913,"David Boswell, 4th of Balmuto",p39288.htm#i392873,1498-01-01T00:00:00Z,1582-05-08T00:00:00Z,,http://www.wikidata.org/prop/direct/P2949,http://www.wikidata.org/prop/direct/P2949,Boswell-1699,Boswell-1699
http://www.wikidata.org/entity/Q75902913,"David Boswell, 4th of Balmuto",p39288.htm#i392873,1498-01-01T00:00:00Z,1582-05-08T00:00:00Z,,http://www.wikidata.org/prop/direct/P4638,http://www.wikidata.org/prop/direct/P4638,p39288.htm#i392873,p39288.htm#i392873
http://www.wikidata.org/entity/Q75902913,"David Boswell, 4th of Balmuto",p39288.htm#i392873,1498-01-01T00:00:00Z,1582-05-08T00:00:00Z,,http://www.wikidata.org/prop/direct/P569,http://www.wikidata.org/prop/direct/P569,1498-01-01T00:00:00Z,1498-01-01T00:00:00Z
http://www.wikidata.org/entity/Q75902913,"David Boswell, 4th of Balmuto",p39288.htm#i392873,1498-01-01T00:00:00Z,1582-05-08T00:00:00Z,,http://www.wikidata.org/prop/direct/P570,http://www.wikidata.org/prop/direct/P570,1582-05-08T00:00:00Z,1582-05-08T00:00:00Z
http://www.wikidata.org/entity/Q75902913,"David Boswell, 4th of Balmuto",p39288.htm#i392873,1498-01-01T00:00:00Z,1582-05-08T00:00:00Z,,http://www.wikidata.org/prop/direct/P734,http://www.wikidata.org/prop/direct/P734,http://www.wikidata.org/entity/Q16860278,Boswell
http://www.wikidata.org/entity/Q75902913,"David Boswell, 4th of Balmuto",p39288.htm#i392873,1498-01-01T00:00:00Z,1582-05-08T00:00:00Z,,http://www.wikidata.org/prop/direct/P735,http://www.wikidata.org/prop/direct/P735,http://www.wikidata.org/entity/Q18057751,David
http://www.wikidata.org/entity/Q75903156,Jeanne de Turpin de Crisse,p39304.htm#i393037,1365-01-01T00:00:00Z,,,http://www.wikidata.org/prop/direct/P21,http://www.wikidata.org/prop/direct/P21,http://www.wikidata.org/entity/Q6581072,female
http://www.wikidata.org/entity/Q75903156,Jeanne de Turpin de Crisse,p39304.htm#i393037,1365-01-01T00:00:00Z,,,http://www.wikidata.org/prop/direct/P22,http://www.wikidata.org/prop/direct/P22,http://www.wikidata.org/entity/Q75882239,"Sir Guy V de Turpin, Seigneur de Crisse"
http://www.wikidata.org/entity/Q75903156,Jeanne de Turpin de Crisse,p39304.htm#i393037,1365-01-01T00:00:00Z,,,http://www.wikidata.org/prop/direct/P25,http://www.wikidata.org/prop/direct/P25,http://www.wikidata.org/entity/Q75882243,Marie de Rochefort
http://www.wikidata.org/entity/Q75903156,Jeanne de Turpin de Crisse,p39304.htm#i393037,1365-01-01T00:00:00Z,,,http://www.wikidata.org/prop/direct/P26,http://www.wikidata.org/prop/direct/P26,http://www.wikidata.org/entity/Q75912352,"Guillaume de Naillac, Vicomte de Bridier"
http://www.wikidata.org/entity/Q75903156,Jeanne de Turpin de Crisse,p39304.htm#i393037,1365-01-01T00:00:00Z,,,http://www.wikidata.org/prop/direct/P31,http://www.wikidata.org/prop/direct/P31,http://www.wikidata.org/entity/Q5,human
http://www.wikidata.org/entity/Q75903156,Jeanne de Turpin de Crisse,p39304.htm#i393037,1365-01-01T00:00:00Z,,,http://www.wikidata.org/prop/direct/P40,http://www.wikidata.org/prop/direct/P40,http://www.wikidata.org/entity/Q75896252,Jeanne de Naillac
http://www.wikidata.org/entity/Q75903156,Jeanne de Turpin de Crisse,p39304.htm#i393037,1365-01-01T00:00:00Z,,,http://www.wikidata.org/prop/direct/P40,http://www.wikidata.org/prop/direct/P40,http://www.wikidata.org/entity/Q96243742,"Jeanne de Naillac, Dame de La Motte-Jolivet"
http://www.wikidata.org/entity/Q75903156,Jeanne de Turpin de Crisse,p39304.htm#i393037,1365-01-01T00:00:00Z,,,http://www.wikidata.org/prop/direct/P1819,http://www.wikidata.org/prop/direct/P1819,I00208045,I00208045
http://www.wikidata.org/entity/Q75903156,Jeanne de Turpin de Crisse,p39304.htm#i393037,1365-01-01T00:00:00Z,,,http://www.wikidata.org/prop/direct/P2949,http://www.wikidata.org/prop/direct/P2949,Turpin-1801,Turpin-1801
http://www.wikidata.org/entity/Q75903156,Jeanne de Turpin de Crisse,p39304.htm#i393037,1365-01-01T00:00:00Z,,,http://www.wikidata.org/prop/direct/P4638,http://www.wikidata.org/prop/direct/P4638,p39304.htm#i393037,p39304.htm#i393037
http://www.wikidata.org/entity/Q75903156,Jeanne de Turpin de Crisse,p39304.htm#i393037,1365-01-01T00:00:00Z,,,http://www.wikidata.org/prop/direct/P569,http://www.wikidata.org/prop/direct/P569,1365-01-01T00:00:00Z,1365-01-01T00:00:00Z
http://www.wikidata.org/entity/Q75903156,Jeanne de Turpin de Crisse,p39304.htm#i393037,1365-01-01T00:00:00Z,,,http://www.wikidata.org/prop/direct/P735,http://www.wikidata.org/prop/direct/P735,http://www.wikidata.org/entity/Q2438057,Jeanne
http://www.wikidata.org/entity/Q75903156,Jeanne de Turpin de Crisse,p39304.htm#i393037,1365-01-01T00:00:00Z,,,http://www.wikidata.org/prop/direct/P7929,http://www.wikidata.org/prop/direct/P7929,p=jeanne;n=turpin;oc=2,p=jeanne;n=turpin;oc=2
http://www.wikidata.org/entity/Q75903157,Perichon de Naillac,p39304.htm#i393038,,1372-01-01T00:00:00Z,,http://www.wikidata.org/prop/direct/P21,http://www.wikidata.org/prop/direct/P21,http://www.wikidata.org/entity/Q6581097,male
http://www.wikidata.org/entity/Q75903157,Perichon de Naillac,p39304.htm#i393038,,1372-01-01T00:00:00Z,,http://www.wikidata.org/prop/direct/P22,http://www.wikidata.org/prop/direct/P22,http://www.wikidata.org/entity/Q75903160,"Pierre II de Naillac, Vicomte de Bridier"
http://www.wikidata.org/entity/Q75903157,Perichon de Naillac,p39304.htm#i393038,,1372-01-01T00:00:00Z,,http://www.wikidata.org/prop/direct/P26,http://www.wikidata.org/prop/direct/P26,http://www.wikidata.org/entity/Q135914808,Q135914808
http://www.wikidata.org/entity/Q75903157,Perichon de Naillac,p39304.htm#i393038,,1372-01-01T00:00:00Z,,http://www.wikidata.org/prop/direct/P31,http://www.wikidata.org/prop/direct/P31,http://www.wikidata.org/entity/Q5,human
http://www.wikidata.org/entity/Q75903157,Perichon de Naillac,p39304.htm#i393038,,1372-01-01T00:00:00Z,,http://www.wikidata.org/prop/direct/P40,http://www.wikidata.org/prop/direct/P40,http://www.wikidata.org/entity/Q1585024,Philibert de Naillac
http://www.wikidata.org/entity/Q75903157,Perichon de Naillac,p39304.htm#i393038,,1372-01-01T00:00:00Z,,http://www.wikidata.org/prop/direct/P40,http://www.wikidata.org/prop/direct/P40,http://www.wikidata.org/entity/Q75912352,"Guillaume de Naillac, Vicomte de Bridier"
http://www.wikidata.org/entity/Q75903157,Perichon de Naillac,p39304.htm#i393038,,1372-01-01T00:00:00Z,,http://www.wikidata.org/prop/direct/P2600,http://www.wikidata.org/prop/direct/P2600,6000000022067928423,6000000022067928423
http://www.wikidata.org/entity/Q75903157,Perichon de Naillac,p39304.htm#i393038,,1372-01-01T00:00:00Z,,http://www.wikidata.org/prop/direct/P4638,http://www.wikidata.org/prop/direct/P4638,p39304.htm#i393038,p39304.htm#i393038
http://www.wikidata.org/entity/Q75903157,Perichon de Naillac,p39304.htm#i393038,,1372-01-01T00:00:00Z,,http://www.wikidata.org/prop/direct/P570,http://www.wikidata.org/prop/direct/P570,1372-01-01T00:00:00Z,1372-01-01T00:00:00Z
http://www.wikidata.org/entity/Q75903157,Perichon de Naillac,p39304.htm#i393038,,1372-01-01T00:00:00Z,,http://www.wikidata.org/prop/direct/P7929,http://www.wikidata.org/prop/direct/P7929,p=pierre;n=de+naillac;oc=22,p=pierre;n=de+naillac;oc=22
http://www.wikidata.org/entity/Q75903449,Catherine de Bourbon,p39320.htm#i393191,1342-01-01T00:00:00Z,1427-06-07T00:00:00Z,,http://www.wikidata.org/prop/direct/P21,http://www.wikidata.org/prop/direct/P21,http://www.wikidata.org/entity/Q6581072,female
http://www.wikidata.org/entity/Q75903449,Catherine de Bourbon,p39320.htm#i393191,1342-01-01T00:00:00Z,1427-06-07T00:00:00Z,,http://www.wikidata.org/prop/direct/P22,http://www.wikidata.org/prop/direct/P22,http://www.wikidata.org/entity/Q444668,Peter I
http://www.wikidata.org/entity/Q75903449,Catherine de Bourbon,p39320.htm#i393191,1342-01-01T00:00:00Z,1427-06-07T00:00:00Z,,http://www.wikidata.org/prop/direct/P25,http://www.wikidata.org/prop/direct/P25,http://www.wikidata.org/entity/Q2363495,"Isabella of Valois, Duchess of Bourbon"
http://www.wikidata.org/entity/Q75903449,Catherine de Bourbon,p39320.htm#i393191,1342-01-01T00:00:00Z,1427-06-07T00:00:00Z,,http://www.wikidata.org/prop/direct/P26,http://www.wikidata.org/prop/direct/P26,http://www.wikidata.org/entity/Q2399088,"John VI, Count of Harcourt"
http://www.wikidata.org/entity/Q75903449,Catherine de Bourbon,p39320.htm#i393191,1342-01-01T00:00:00Z,1427-06-07T00:00:00Z,,http://www.wikidata.org/prop/direct/P31,http://www.wikidata.org/prop/direct/P31,http://www.wikidata.org/entity/Q5,human
http://www.wikidata.org/entity/Q75903449,Catherine de Bourbon,p39320.htm#i393191,1342-01-01T00:00:00Z,1427-06-07T00:00:00Z,,http://www.wikidata.org/prop/direct/P40,http://www.wikidata.org/prop/direct/P40,http://www.wikidata.org/entity/Q111310078,"Isabeau d'Harcourt, Dame de Roussillon de Rivière"
http://www.wikidata.org/entity/Q75903449,Catherine de Bourbon,p39320.htm#i393191,1342-01-01T00:00:00Z,1427-06-07T00:00:00Z,,http://www.wikidata.org/prop/direct/P40,http://www.wikidata.org/prop/direct/P40,http://www.wikidata.org/entity/Q111310135,Jeanne d'Harcourt
http://www.wikidata.org/entity/Q75903449,Catherine de Bourbon,p39320.htm#i393191,1342-01-01T00:00:00Z,1427-06-07T00:00:00Z,,http://www.wikidata.org/prop/direct/P40,http://www.wikidata.org/prop/direct/P40,http://www.wikidata.org/entity/Q26710043,Maria of Guelders
http://www.wikidata.org/entity/Q75903449,Catherine de Bourbon,p39320.htm#i393191,1342-01-01T00:00:00Z,1427-06-07T00:00:00Z,,http://www.wikidata.org/prop/direct/P40,http://www.wikidata.org/prop/direct/P40,http://www.wikidata.org/entity/Q3263359,Louis d'Harcourt
http://www.wikidata.org/entity/Q75903449,Catherine de Bourbon,p39320.htm#i393191,1342-01-01T00:00:00Z,1427-06-07T00:00:00Z,,http://www.wikidata.org/prop/direct/P40,http://www.wikidata.org/prop/direct/P40,http://www.wikidata.org/entity/Q75903526,Marguerite d'Harcourt
http://www.wikidata.org/entity/Q75903449,Catherine de Bourbon,p39320.htm#i393191,1342-01-01T00:00:00Z,1427-06-07T00:00:00Z,,http://www.wikidata.org/prop/direct/P40,http://www.wikidata.org/prop/direct/P40,http://www.wikidata.org/entity/Q938376,"John VII, Count of Harcourt"
http://www.wikidata.org/entity/Q75903449,Catherine de Bourbon,p39320.htm#i393191,1342-01-01T00:00:00Z,1427-06-07T00:00:00Z,,http://www.wikidata.org/prop/direct/P10864,http://www.wikidata.org/prop/direct/P10864,41876,41876
http://www.wikidata.org/entity/Q75903449,Catherine de Bourbon,p39320.htm#i393191,1342-01-01T00:00:00Z,1427-06-07T00:00:00Z,,http://www.wikidata.org/prop/direct/P1185,http://www.wikidata.org/prop/direct/P1185,703485,703485
http://www.wikidata.org/entity/Q75903449,Catherine de Bourbon,p39320.htm#i393191,1342-01-01T00:00:00Z,1427-06-07T00:00:00Z,,http://www.wikidata.org/prop/direct/P1819,http://www.wikidata.org/prop/direct/P1819,I00003707,I00003707
http://www.wikidata.org/entity/Q75903449,Catherine de Bourbon,p39320.htm#i393191,1342-01-01T00:00:00Z,1427-06-07T00:00:00Z,,http://www.wikidata.org/prop/direct/P2949,http://www.wikidata.org/prop/direct/P2949,Bourbon-159,Bourbon-159
http://www.wikidata.org/entity/Q75903449,Catherine de Bourbon,p39320.htm#i393191,1342-01-01T00:00:00Z,1427-06-07T00:00:00Z,,http://www.wikidata.org/prop/direct/P4159,http://www.wikidata.org/prop/direct/P4159,Catherine_of_Bourbon_(1342-1427)_(1),Catherine_of_Bourbon_(1342-1427)_(1)
http://www.wikidata.org/entity/Q75903449,Catherine de Bourbon,p39320.htm#i393191,1342-01-01T00:00:00Z,1427-06-07T00:00:00Z,,http://www.wikidata.org/prop/direct/P4638,http://www.wikidata.org/prop/direct/P4638,p39320.htm#i393191,p39320.htm#i393191
http://www.wikidata.org/entity/Q75903449,Catherine de Bourbon,p39320.htm#i393191,1342-01-01T00:00:00Z,1427-06-07T00:00:00Z,,http://www.wikidata.org/prop/direct/P569,http://www.wikidata.org/prop/direct/P569,1342-01-01T00:00:00Z,1342-01-01T00:00:00Z
http://www.wikidata.org/entity/Q75903449,Catherine de Bourbon,p39320.htm#i393191,1342-01-01T00:00:00Z,1427-06-07T00:00:00Z,,http://www.wikidata.org/prop/direct/P570,http://www.wikidata.org/prop/direct/P570,1427-06-07T00:00:00Z,1427-06-07T00:00:00Z
http://www.wikidata.org/entity/Q75903449,Catherine de Bourbon,p39320.htm#i393191,1342-01-01T00:00:00Z,1427-06-07T00:00:00Z,,http://www.wikidata.org/prop/direct/P735,http://www.wikidata.org/prop/direct/P735,http://www.wikidata.org/entity/Q2218095,Catherine
http://www.wikidata.org/entity/Q75903449,Catherine de Bourbon,p39320.htm#i393191,1342-01-01T00:00:00Z,1427-06-07T00:00:00Z,,http://www.wikidata.org/prop/direct/P7929,http://www.wikidata.org/prop/direct/P7929,p=catherine;n=de bourbon,p=catherine;n=de bourbon
http://www.wikidata.org/entity/Q75903449,Catherine de Bourbon,p39320.htm#i393191,1342-01-01T00:00:00Z,1427-06-07T00:00:00Z,,http://www.wikidata.org/prop/direct/P8172,http://www.wikidata.org/prop/direct/P8172,sw.181741,sw.181741
http://www.wikidata.org/entity/Q75903515,Marie Roche-Guyon,p39323.htm#i393226,,1498-01-01T00:00:00Z,,http://www.wikidata.org/prop/direct/P21,http://www.wikidata.org/prop/direct/P21,http://www.wikidata.org/entity/Q6581072,female
http://www.wikidata.org/entity/Q75903515,Marie Roche-Guyon,p39323.htm#i393226,,1498-01-01T00:00:00Z,,http://www.wikidata.org/prop/direct/P22,http://www.wikidata.org/prop/direct/P22,http://www.wikidata.org/entity/Q75903516,"Guy de Roche-Guyon, Seigneur de Roche-Guyon"
http://www.wikidata.org/entity/Q75903515,Marie Roche-Guyon,p39323.htm#i393226,,1498-01-01T00:00:00Z,,http://www.wikidata.org/prop/direct/P25,http://www.wikidata.org/prop/direct/P25,http://www.wikidata.org/entity/Q75903517,Catherine Turpin
http://www.wikidata.org/entity/Q75903515,Marie Roche-Guyon,p39323.htm#i393226,,1498-01-01T00:00:00Z,,http://www.wikidata.org/prop/direct/P26,http://www.wikidata.org/prop/direct/P26,http://www.wikidata.org/entity/Q75903513,"Michel d'Estouteville, Seigneur d'Estouteville et Valmont"
http://www.wikidata.org/entity/Q75903515,Marie Roche-Guyon,p39323.htm#i393226,,1498-01-01T00:00:00Z,,http://www.wikidata.org/prop/direct/P31,http://www.wikidata.org/prop/direct/P31,http://www.wikidata.org/entity/Q5,human
http://www.wikidata.org/entity/Q75903515,Marie Roche-Guyon,p39323.htm#i393226,,1498-01-01T00:00:00Z,,http://www.wikidata.org/prop/direct/P40,http://www.wikidata.org/prop/direct/P40,http://www.wikidata.org/entity/Q105815798,"Charles de Silly, Seigneur de La Roche-Guyon"
http://www.wikidata.org/entity/Q75903515,Marie Roche-Guyon,p39323.htm#i393226,,1498-01-01T00:00:00Z,,http://www.wikidata.org/prop/direct/P40,http://www.wikidata.org/prop/direct/P40,http://www.wikidata.org/entity/Q116005115,"Marguerite d'Estouteville, Dame de Mausson"
http://www.wikidata.org/entity/Q75903515,Marie Roche-Guyon,p39323.htm#i393226,,1498-01-01T00:00:00Z,,http://www.wikidata.org/prop/direct/P40,http://www.wikidata.org/prop/direct/P40,http://www.wikidata.org/entity/Q116051218,"Guyon d'Estouteville, Sire de Moyon, Bricquebec et de Gace"
http://www.wikidata.org/entity/Q75903515,Marie Roche-Guyon,p39323.htm#i393226,,1498-01-01T00:00:00Z,,http://www.wikidata.org/prop/direct/P40,http://www.wikidata.org/prop/direct/P40,http://www.wikidata.org/entity/Q117276510,Pernelle d'Estouteville
http://www.wikidata.org/entity/Q75903515,Marie Roche-Guyon,p39323.htm#i393226,,1498-01-01T00:00:00Z,,http://www.wikidata.org/prop/direct/P40,http://www.wikidata.org/prop/direct/P40,http://www.wikidata.org/entity/Q23770770,Jacques of Estouteville
http://www.wikidata.org/entity/Q75903515,Marie Roche-Guyon,p39323.htm#i393226,,1498-01-01T00:00:00Z,,http://www.wikidata.org/prop/direct/P40,http://www.wikidata.org/prop/direct/P40,http://www.wikidata.org/entity/Q75903451,Catherine d'Estouteville
http://www.wikidata.org/entity/Q75903515,Marie Roche-Guyon,p39323.htm#i393226,,1498-01-01T00:00:00Z,,http://www.wikidata.org/prop/direct/P1819,http://www.wikidata.org/prop/direct/P1819,I00202409,I00202409
http://www.wikidata.org/entity/Q75903515,Marie Roche-Guyon,p39323.htm#i393226,,1498-01-01T00:00:00Z,,http://www.wikidata.org/prop/direct/P2949,http://www.wikidata.org/prop/direct/P2949,Roche-Guyon-1,Roche-Guyon-1
http://www.wikidata.org/entity/Q75903515,Marie Roche-Guyon,p39323.htm#i393226,,1498-01-01T00:00:00Z,,http://www.wikidata.org/prop/direct/P4638,http://www.wikidata.org/prop/direct/P4638,p39323.htm#i393226,p39323.htm#i393226
http://www.wikidata.org/entity/Q75903515,Marie Roche-Guyon,p39323.htm#i393226,,1498-01-01T00:00:00Z,,http://www.wikidata.org/prop/direct/P570,http://www.wikidata.org/prop/direct/P570,1498-01-01T00:00:00Z,1498-01-01T00:00:00Z
http://www.wikidata.org/entity/Q75903515,Marie Roche-Guyon,p39323.htm#i393226,,1498-01-01T00:00:00Z,,http://www.wikidata.org/prop/direct/P7929,http://www.wikidata.org/prop/direct/P7929,p=marie;n=de la roche guyon,p=marie;n=de la roche guyon
http://www.wikidata.org/entity/Q75903516,"Guy de Roche-Guyon, Seigneur de Roche-Guyon",p39323.htm#i393227,1395-01-01T00:00:00Z,,,http://www.wikidata.org/prop/direct/P21,http://www.wikidata.org/prop/direct/P21,http://www.wikidata.org/entity/Q6581097,male
http://www.wikidata.org/entity/Q75903516,"Guy de Roche-Guyon, Seigneur de Roche-Guyon",p39323.htm#i393227,1395-01-01T00:00:00Z,,,http://www.wikidata.org/prop/direct/P22,http://www.wikidata.org/prop/direct/P22,http://www.wikidata.org/entity/Q105815810,"Guy VI de la Roche-Guyon, Seigneur de Beneville, La Roche-Guyon et Roncheville"
http://www.wikidata.org/entity/Q75903516,"Guy de Roche-Guyon, Seigneur de Roche-Guyon",p39323.htm#i393227,1395-01-01T00:00:00Z,,,http://www.wikidata.org/prop/direct/P25,http://www.wikidata.org/prop/direct/P25,http://www.wikidata.org/entity/Q105815814,Perrette de la Rivière
http://www.wikidata.org/entity/Q75903516,"Guy de Roche-Guyon, Seigneur de Roche-Guyon",p39323.htm#i393227,1395-01-01T00:00:00Z,,,http://www.wikidata.org/prop/direct/P26,http://www.wikidata.org/prop/direct/P26,http://www.wikidata.org/entity/Q75903517,Catherine Turpin
http://www.wikidata.org/entity/Q75903516,"Guy de Roche-Guyon, Seigneur de Roche-Guyon",p39323.htm#i393227,1395-01-01T00:00:00Z,,,http://www.wikidata.org/prop/direct/P31,http://www.wikidata.org/prop/direct/P31,http://www.wikidata.org/entity/Q5,human
http://www.wikidata.org/entity/Q75903516,"Guy de Roche-Guyon, Seigneur de Roche-Guyon",p39323.htm#i393227,1395-01-01T00:00:00Z,,,http://www.wikidata.org/prop/direct/P40,http://www.wikidata.org/prop/direct/P40,http://www.wikidata.org/entity/Q75903515,Marie Roche-Guyon
http://www.wikidata.org/entity/Q75903516,"Guy de Roche-Guyon, Seigneur de Roche-Guyon",p39323.htm#i393227,1395-01-01T00:00:00Z,,,http://www.wikidata.org/prop/direct/P1819,http://www.wikidata.org/prop/direct/P1819,I00202419,I00202419
http://www.wikidata.org/entity/Q75903516,"Guy de Roche-Guyon, Seigneur de Roche-Guyon",p39323.htm#i393227,1395-01-01T00:00:00Z,,,http://www.wikidata.org/prop/direct/P2949,http://www.wikidata.org/prop/direct/P2949,De_La_Roche_Guyon-1,De_La_Roche_Guyon-1
http://www.wikidata.org/entity/Q75903516,"Guy de Roche-Guyon, Seigneur de Roche-Guyon",p39323.htm#i393227,1395-01-01T00:00:00Z,,,http://www.wikidata.org/prop/direct/P4638,http://www.wikidata.org/prop/direct/P4638,p39323.htm#i393227,p39323.htm#i393227
http://www.wikidata.org/entity/Q75903516,"Guy de Roche-Guyon, Seigneur de Roche-Guyon",p39323.htm#i393227,1395-01-01T00:00:00Z,,,http://www.wikidata.org/prop/direct/P569,http://www.wikidata.org/prop/direct/P569,1395-01-01T00:00:00Z,1395-01-01T00:00:00Z
http://www.wikidata.org/entity/Q75903516,"Guy de Roche-Guyon, Seigneur de Roche-Guyon",p39323.htm#i393227,1395-01-01T00:00:00Z,,,http://www.wikidata.org/prop/direct/P735,http://www.wikidata.org/prop/direct/P735,http://www.wikidata.org/entity/Q1159023,Guy
http://www.wikidata.org/entity/Q75903516,"Guy de Roche-Guyon, Seigneur de Roche-Guyon",p39323.htm#i393227,1395-01-01T00:00:00Z,,,http://www.wikidata.org/prop/direct/P7929,http://www.wikidata.org/prop/direct/P7929,p=guy;n=de la roche guyon,p=guy;n=de la roche guyon
http://www.wikidata.org/entity/Q75903517,Catherine Turpin,p39323.htm#i393228,1420-01-01T00:00:00Z,,,http://www.wikidata.org/prop/direct/P21,http://www.wikidata.org/prop/direct/P21,http://www.wikidata.org/entity/Q6581072,female
http://www.wikidata.org/entity/Q75903517,Catherine Turpin,p39323.htm#i393228,1420-01-01T00:00:00Z,,,http://www.wikidata.org/prop/direct/P22,http://www.wikidata.org/prop/direct/P22,http://www.wikidata.org/entity/Q3216956,Lancelot Turpin de Crissé
http://www.wikidata.org/entity/Q75903517,Catherine Turpin,p39323.htm#i393228,1420-01-01T00:00:00Z,,,http://www.wikidata.org/prop/direct/P25,http://www.wikidata.org/prop/direct/P25,http://www.wikidata.org/entity/Q75903543,Denise de Montmorency
http://www.wikidata.org/entity/Q75903517,Catherine Turpin,p39323.htm#i393228,1420-01-01T00:00:00Z,,,http://www.wikidata.org/prop/direct/P26,http://www.wikidata.org/prop/direct/P26,http://www.wikidata.org/entity/Q75903516,"Guy de Roche-Guyon, Seigneur de Roche-Guyon"
http://www.wikidata.org/entity/Q75903517,Catherine Turpin,p39323.htm#i393228,1420-01-01T00:00:00Z,,,http://www.wikidata.org/prop/direct/P31,http://www.wikidata.org/prop/direct/P31,http://www.wikidata.org/entity/Q5,human
http://www.wikidata.org/entity/Q75903517,Catherine Turpin,p39323.htm#i393228,1420-01-01T00:00:00Z,,,http://www.wikidata.org/prop/direct/P40,http://www.wikidata.org/prop/direct/P40,http://www.wikidata.org/entity/Q75903515,Marie Roche-Guyon
http://www.wikidata.org/entity/Q75903517,Catherine Turpin,p39323.htm#i393228,1420-01-01T00:00:00Z,,,http://www.wikidata.org/prop/direct/P1819,http://www.wikidata.org/prop/direct/P1819,I00202420,I00202420
http://www.wikidata.org/entity/Q75903517,Catherine Turpin,p39323.htm#i393228,1420-01-01T00:00:00Z,,,http://www.wikidata.org/prop/direct/P2949,http://www.wikidata.org/prop/direct/P2949,Turpin-72,Turpin-72
http://www.wikidata.org/entity/Q75903517,Catherine Turpin,p39323.htm#i393228,1420-01-01T00:00:00Z,,,http://www.wikidata.org/prop/direct/P4638,http://www.wikidata.org/prop/direct/P4638,p39323.htm#i393228,p39323.htm#i393228
http://www.wikidata.org/entity/Q75903517,Catherine Turpin,p39323.htm#i393228,1420-01-01T00:00:00Z,,,http://www.wikidata.org/prop/direct/P569,http://www.wikidata.org/prop/direct/P569,1420-01-01T00:00:00Z,1420-01-01T00:00:00Z
http://www.wikidata.org/entity/Q75903517,Catherine Turpin,p39323.htm#i393228,1420-01-01T00:00:00Z,,,http://www.wikidata.org/prop/direct/P734,http://www.wikidata.org/prop/direct/P734,http://www.wikidata.org/entity/Q27133409,Turpin
http://www.wikidata.org/entity/Q75903517,Catherine Turpin,p39323.htm#i393228,1420-01-01T00:00:00Z,,,http://www.wikidata.org/prop/direct/P735,http://www.wikidata.org/prop/direct/P735,http://www.wikidata.org/entity/Q2218095,Catherine
http://www.wikidata.org/entity/Q75903517,Catherine Turpin,p39323.htm#i393228,1420-01-01T00:00:00Z,,,http://www.wikidata.org/prop/direct/P7929,http://www.wikidata.org/prop/direct/P7929,p=catherine;n=turpin,p=catherine;n=turpin
http://www.wikidata.org/entity/Q75903523,Jeanne Paynel,p39324.htm#i393231,1400-01-01T00:00:00Z,,,http://www.wikidata.org/prop/direct/P21,http://www.wikidata.org/prop/direct/P21,http://www.wikidata.org/entity/Q6581072,female
http://www.wikidata.org/entity/Q75903523,Jeanne Paynel,p39324.htm#i393231,1400-01-01T00:00:00Z,,,http://www.wikidata.org/prop/direct/P22,http://www.wikidata.org/prop/direct/P22,http://www.wikidata.org/entity/Q75903528,"Nicolas Paynel, Seigneur de Chanteloup, Hambye et Briquebec"
http://www.wikidata.org/entity/Q75903523,Jeanne Paynel,p39324.htm#i393231,1400-01-01T00:00:00Z,,,http://www.wikidata.org/prop/direct/P25,http://www.wikidata.org/prop/direct/P25,http://www.wikidata.org/entity/Q75903529,Jeanne de Champagne
http://www.wikidata.org/entity/Q75903523,Jeanne Paynel,p39324.htm#i393231,1400-01-01T00:00:00Z,,,http://www.wikidata.org/prop/direct/P26,http://www.wikidata.org/prop/direct/P26,http://www.wikidata.org/entity/Q3263357,Louis d'Estouteville
http://www.wikidata.org/entity/Q75903523,Jeanne Paynel,p39324.htm#i393231,1400-01-01T00:00:00Z,,,http://www.wikidata.org/prop/direct/P31,http://www.wikidata.org/prop/direct/P31,http://www.wikidata.org/entity/Q5,human
http://www.wikidata.org/entity/Q75903523,Jeanne Paynel,p39324.htm#i393231,1400-01-01T00:00:00Z,,,http://www.wikidata.org/prop/direct/P40,http://www.wikidata.org/prop/direct/P40,http://www.wikidata.org/entity/Q75903513,"Michel d'Estouteville, Seigneur d'Estouteville et Valmont"
http://www.wikidata.org/entity/Q75903523,Jeanne Paynel,p39324.htm#i393231,1400-01-01T00:00:00Z,,,http://www.wikidata.org/prop/direct/P1819,http://www.wikidata.org/prop/direct/P1819,I00202415,I00202415
http://www.wikidata.org/entity/Q75903523,Jeanne Paynel,p39324.htm#i393231,1400-01-01T00:00:00Z,,,http://www.wikidata.org/prop/direct/P2949,http://www.wikidata.org/prop/direct/P2949,Paynel-46,Paynel-46
http://www.wikidata.org/entity/Q75903523,Jeanne Paynel,p39324.htm#i393231,1400-01-01T00:00:00Z,,,http://www.wikidata.org/prop/direct/P4638,http://www.wikidata.org/prop/direct/P4638,p39324.htm#i393231,p39324.htm#i393231
http://www.wikidata.org/entity/Q75903523,Jeanne Paynel,p39324.htm#i393231,1400-01-01T00:00:00Z,,,http://www.wikidata.org/prop/direct/P569,http://www.wikidata.org/prop/direct/P569,1400-01-01T00:00:00Z,1400-01-01T00:00:00Z
http://www.wikidata.org/entity/Q75903523,Jeanne Paynel,p39324.htm#i393231,1400-01-01T00:00:00Z,,,http://www.wikidata.org/prop/direct/P734,http://www.wikidata.org/prop/direct/P734,http://www.wikidata.org/entity/Q112591393,Q112591393
http://www.wikidata.org/entity/Q75903523,Jeanne Paynel,p39324.htm#i393231,1400-01-01T00:00:00Z,,,http://www.wikidata.org/prop/direct/P734,http://www.wikidata.org/prop/direct/P734,http://www.wikidata.org/entity/Q73936045,d'Estouteville
http://www.wikidata.org/entity/Q75903523,Jeanne Paynel,p39324.htm#i393231,1400-01-01T00:00:00Z,,,http://www.wikidata.org/prop/direct/P735,http://www.wikidata.org/prop/direct/P735,http://www.wikidata.org/entity/Q2438057,Jeanne
http://www.wikidata.org/entity/Q75903523,Jeanne Paynel,p39324.htm#i393231,1400-01-01T00:00:00Z,,,http://www.wikidata.org/prop/direct/P7929,http://www.wikidata.org/prop/direct/P7929,p=jeanne;n=paynel,p=jeanne;n=paynel
http://www.wikidata.org/entity/Q75903524,"Jean II d'Estouteville, Seigneur d'Estouteville et Valmont",p39324.htm#i393232,,1436-01-01T00:00:00Z,,http://www.wikidata.org/prop/direct/P21,http://www.wikidata.org/prop/direct/P21,http://www.wikidata.org/entity/Q6581097,male
http://www.wikidata.org/entity/Q75903524,"Jean II d'Estouteville, Seigneur d'Estouteville et Valmont",p39324.htm#i393232,,1436-01-01T00:00:00Z,,http://www.wikidata.org/prop/direct/P22,http://www.wikidata.org/prop/direct/P22,http://www.wikidata.org/entity/Q75903532,"Robert VI d'Estouteville, Seigneur d'Estouteville et Valmont"
http://www.wikidata.org/entity/Q75903524,"Jean II d'Estouteville, Seigneur d'Estouteville et Valmont",p39324.htm#i393232,,1436-01-01T00:00:00Z,,http://www.wikidata.org/prop/direct/P25,http://www.wikidata.org/prop/direct/P25,http://www.wikidata.org/entity/Q75901474,Marguerite de Montmorency
http://www.wikidata.org/entity/Q75903524,"Jean II d'Estouteville, Seigneur d'Estouteville et Valmont",p39324.htm#i393232,,1436-01-01T00:00:00Z,,http://www.wikidata.org/prop/direct/P26,http://www.wikidata.org/prop/direct/P26,http://www.wikidata.org/entity/Q75903526,Marguerite d'Harcourt
http://www.wikidata.org/entity/Q75903524,"Jean II d'Estouteville, Seigneur d'Estouteville et Valmont",p39324.htm#i393232,,1436-01-01T00:00:00Z,,http://www.wikidata.org/prop/direct/P31,http://www.wikidata.org/prop/direct/P31,http://www.wikidata.org/entity/Q5,human
http://www.wikidata.org/entity/Q75903524,"Jean II d'Estouteville, Seigneur d'Estouteville et Valmont",p39324.htm#i393232,,1436-01-01T00:00:00Z,,http://www.wikidata.org/prop/direct/P40,http://www.wikidata.org/prop/direct/P40,http://www.wikidata.org/entity/Q102836775,"Robert d'Estouteville, Seigneur d'Aussebosc"
http://www.wikidata.org/entity/Q75903524,"Jean II d'Estouteville, Seigneur d'Estouteville et Valmont",p39324.htm#i393232,,1436-01-01T00:00:00Z,,http://www.wikidata.org/prop/direct/P40,http://www.wikidata.org/prop/direct/P40,http://www.wikidata.org/entity/Q3263357,Louis d'Estouteville
http://www.wikidata.org/entity/Q75903524,"Jean II d'Estouteville, Seigneur d'Estouteville et Valmont",p39324.htm#i393232,,1436-01-01T00:00:00Z,,http://www.wikidata.org/prop/direct/P40,http://www.wikidata.org/prop/direct/P40,http://www.wikidata.org/entity/Q656131,Guillaume d'Estouteville
http://www.wikidata.org/entity/Q75903524,"Jean II d'Estouteville, Seigneur d'Estouteville et Valmont",p39324.htm#i393232,,1436-01-01T00:00:00Z,,http://www.wikidata.org/prop/direct/P94,http://www.wikidata.org/prop/direct/P94,http://commons.wikimedia.org/wiki/Special:FilePath/Blason%20famille%20fr%20d%27Estouteville.svg,http://commons.wikimedia.org/wiki/Special:FilePath/Blason%20famille%20fr%20d%27Estouteville.svg
http://www.wikidata.org/entity/Q75903524,"Jean II d'Estouteville, Seigneur d'Estouteville et Valmont",p39324.htm#i393232,,1436-01-01T00:00:00Z,,http://www.wikidata.org/prop/direct/P1185,http://www.wikidata.org/prop/direct/P1185,1009621,1009621
http://www.wikidata.org/entity/Q75903524,"Jean II d'Estouteville, Seigneur d'Estouteville et Valmont",p39324.htm#i393232,,1436-01-01T00:00:00Z,,http://www.wikidata.org/prop/direct/P1819,http://www.wikidata.org/prop/direct/P1819,I00096776,I00096776
http://www.wikidata.org/entity/Q75903524,"Jean II d'Estouteville, Seigneur d'Estouteville et Valmont",p39324.htm#i393232,,1436-01-01T00:00:00Z,,http://www.wikidata.org/prop/direct/P2949,http://www.wikidata.org/prop/direct/P2949,Estouteville-10,Estouteville-10
http://www.wikidata.org/entity/Q75903524,"Jean II d'Estouteville, Seigneur d'Estouteville et Valmont",p39324.htm#i393232,,1436-01-01T00:00:00Z,,http://www.wikidata.org/prop/direct/P4159,http://www.wikidata.org/prop/direct/P4159,Jean_Unknown_(215),Jean_Unknown_(215)
http://www.wikidata.org/entity/Q75903524,"Jean II d'Estouteville, Seigneur d'Estouteville et Valmont",p39324.htm#i393232,,1436-01-01T00:00:00Z,,http://www.wikidata.org/prop/direct/P4638,http://www.wikidata.org/prop/direct/P4638,p39324.htm#i393232,p39324.htm#i393232
http://www.wikidata.org/entity/Q75903524,"Jean II d'Estouteville, Seigneur d'Estouteville et Valmont",p39324.htm#i393232,,1436-01-01T00:00:00Z,,http://www.wikidata.org/prop/direct/P570,http://www.wikidata.org/prop/direct/P570,1436-01-01T00:00:00Z,1436-01-01T00:00:00Z
http://www.wikidata.org/entity/Q75903524,"Jean II d'Estouteville, Seigneur d'Estouteville et Valmont",p39324.htm#i393232,,1436-01-01T00:00:00Z,,http://www.wikidata.org/prop/direct/P735,http://www.wikidata.org/prop/direct/P735,http://www.wikidata.org/entity/Q7521081,Jean
http://www.wikidata.org/entity/Q75903524,"Jean II d'Estouteville, Seigneur d'Estouteville et Valmont",p39324.htm#i393232,,1436-01-01T00:00:00Z,,http://www.wikidata.org/prop/direct/P7929,http://www.wikidata.org/prop/direct/P7929,p=jean;n=d estouteville;oc=2,p=jean;n=d estouteville;oc=2
http://www.wikidata.org/entity/Q75903526,Marguerite d'Harcourt,p39324.htm#i393233,1378-01-01T00:00:00Z,1421-10-18T00:00:00Z,,http://www.wikidata.org/prop/direct/P20,http://www.wikidata.org/prop/direct/P20,http://www.wikidata.org/entity/Q30974,Rouen
http://www.wikidata.org/entity/Q75903526,Marguerite d'Harcourt,p39324.htm#i393233,1378-01-01T00:00:00Z,1421-10-18T00:00:00Z,,http://www.wikidata.org/prop/direct/P21,http://www.wikidata.org/prop/direct/P21,http://www.wikidata.org/entity/Q6581072,female
http://www.wikidata.org/entity/Q75903526,Marguerite d'Harcourt,p39324.htm#i393233,1378-01-01T00:00:00Z,1421-10-18T00:00:00Z,,http://www.wikidata.org/prop/direct/P22,http://www.wikidata.org/prop/direct/P22,http://www.wikidata.org/entity/Q2399088,"John VI, Count of Harcourt"
http://www.wikidata.org/entity/Q75903526,Marguerite d'Harcourt,p39324.htm#i393233,1378-01-01T00:00:00Z,1421-10-18T00:00:00Z,,http://www.wikidata.org/prop/direct/P25,http://www.wikidata.org/prop/direct/P25,http://www.wikidata.org/entity/Q75903449,Catherine de Bourbon
http://www.wikidata.org/entity/Q75903526,Marguerite d'Harcourt,p39324.htm#i393233,1378-01-01T00:00:00Z,1421-10-18T00:00:00Z,,http://www.wikidata.org/prop/direct/P26,http://www.wikidata.org/prop/direct/P26,http://www.wikidata.org/entity/Q75903524,"Jean II d'Estouteville, Seigneur d'Estouteville et Valmont"
http://www.wikidata.org/entity/Q75903526,Marguerite d'Harcourt,p39324.htm#i393233,1378-01-01T00:00:00Z,1421-10-18T00:00:00Z,,http://www.wikidata.org/prop/direct/P31,http://www.wikidata.org/prop/direct/P31,http://www.wikidata.org/entity/Q5,human
http://www.wikidata.org/entity/Q75903526,Marguerite d'Harcourt,p39324.htm#i393233,1378-01-01T00:00:00Z,1421-10-18T00:00:00Z,,http://www.wikidata.org/prop/direct/P40,http://www.wikidata.org/prop/direct/P40,http://www.wikidata.org/entity/Q102836775,"Robert d'Estouteville, Seigneur d'Aussebosc"
http://www.wikidata.org/entity/Q75903526,Marguerite d'Harcourt,p39324.htm#i393233,1378-01-01T00:00:00Z,1421-10-18T00:00:00Z,,http://www.wikidata.org/prop/direct/P40,http://www.wikidata.org/prop/direct/P40,http://www.wikidata.org/entity/Q3263357,Louis d'Estouteville
http://www.wikidata.org/entity/Q75903526,Marguerite d'Harcourt,p39324.htm#i393233,1378-01-01T00:00:00Z,1421-10-18T00:00:00Z,,http://www.wikidata.org/prop/direct/P40,http://www.wikidata.org/prop/direct/P40,http://www.wikidata.org/entity/Q656131,Guillaume d'Estouteville
http://www.wikidata.org/entity/Q75903526,Marguerite d'Harcourt,p39324.htm#i393233,1378-01-01T00:00:00Z,1421-10-18T00:00:00Z,,http://www.wikidata.org/prop/direct/P94,http://www.wikidata.org/prop/direct/P94,http://commons.wikimedia.org/wiki/Special:FilePath/Blason%20maison%20fr%20d%27Harcourt.svg,http://commons.wikimedia.org/wiki/Special:FilePath/Blason%20maison%20fr%20d%27Harcourt.svg
http://www.wikidata.org/entity/Q75903526,Marguerite d'Harcourt,p39324.htm#i393233,1378-01-01T00:00:00Z,1421-10-18T00:00:00Z,,http://www.wikidata.org/prop/direct/P1185,http://www.wikidata.org/prop/direct/P1185,1009620,1009620
http://www.wikidata.org/entity/Q75903526,Marguerite d'Harcourt,p39324.htm#i393233,1378-01-01T00:00:00Z,1421-10-18T00:00:00Z,,http://www.wikidata.org/prop/direct/P1819,http://www.wikidata.org/prop/direct/P1819,I00096777,I00096777
http://www.wikidata.org/entity/Q75903526,Marguerite d'Harcourt,p39324.htm#i393233,1378-01-01T00:00:00Z,1421-10-18T00:00:00Z,,http://www.wikidata.org/prop/direct/P2949,http://www.wikidata.org/prop/direct/P2949,Harcourt-Aumale-3,Harcourt-Aumale-3
http://www.wikidata.org/entity/Q75903526,Marguerite d'Harcourt,p39324.htm#i393233,1378-01-01T00:00:00Z,1421-10-18T00:00:00Z,,http://www.wikidata.org/prop/direct/P4159,http://www.wikidata.org/prop/direct/P4159,Marguerite_d'Harcourt_(2),Marguerite_d'Harcourt_(2)
http://www.wikidata.org/entity/Q75903526,Marguerite d'Harcourt,p39324.htm#i393233,1378-01-01T00:00:00Z,1421-10-18T00:00:00Z,,http://www.wikidata.org/prop/direct/P4638,http://www.wikidata.org/prop/direct/P4638,p39324.htm#i393233,p39324.htm#i393233
http://www.wikidata.org/entity/Q75903526,Marguerite d'Harcourt,p39324.htm#i393233,1378-01-01T00:00:00Z,1421-10-18T00:00:00Z,,http://www.wikidata.org/prop/direct/P569,http://www.wikidata.org/prop/direct/P569,1378-01-01T00:00:00Z,1378-01-01T00:00:00Z
http://www.wikidata.org/entity/Q75903526,Marguerite d'Harcourt,p39324.htm#i393233,1378-01-01T00:00:00Z,1421-10-18T00:00:00Z,,http://www.wikidata.org/prop/direct/P570,http://www.wikidata.org/prop/direct/P570,1421-10-18T00:00:00Z,1421-10-18T00:00:00Z
http://www.wikidata.org/entity/Q75903526,Marguerite d'Harcourt,p39324.htm#i393233,1378-01-01T00:00:00Z,1421-10-18T00:00:00Z,,http://www.wikidata.org/prop/direct/P735,http://www.wikidata.org/prop/direct/P735,http://www.wikidata.org/entity/Q1587821,Marguerite
http://www.wikidata.org/entity/Q75903526,Marguerite d'Harcourt,p39324.htm#i393233,1378-01-01T00:00:00Z,1421-10-18T00:00:00Z,,http://www.wikidata.org/prop/direct/P7929,http://www.wikidata.org/prop/direct/P7929,p=marguerite;n=d harcourt,p=marguerite;n=d harcourt
http://www.wikidata.org/entity/Q75903532,"Robert VI d'Estouteville, Seigneur d'Estouteville et Valmont",p39324.htm#i393236,,1395-02-22T00:00:00Z,,http://www.wikidata.org/prop/direct/P21,http://www.wikidata.org/prop/direct/P21,http://www.wikidata.org/entity/Q6581097,male
http://www.wikidata.org/entity/Q75903532,"Robert VI d'Estouteville, Seigneur d'Estouteville et Valmont",p39324.htm#i393236,,1395-02-22T00:00:00Z,,http://www.wikidata.org/prop/direct/P22,http://www.wikidata.org/prop/direct/P22,http://www.wikidata.org/entity/Q102829578,"Nicolas II (Colard) d'Estouteville, Sire d'Estouteville"
http://www.wikidata.org/entity/Q75903532,"Robert VI d'Estouteville, Seigneur d'Estouteville et Valmont",p39324.htm#i393236,,1395-02-22T00:00:00Z,,http://www.wikidata.org/prop/direct/P25,http://www.wikidata.org/prop/direct/P25,http://www.wikidata.org/entity/Q102829588,"Jeanne de La Tournelle, Dame de La Tournelle"
http://www.wikidata.org/entity/Q75903532,"Robert VI d'Estouteville, Seigneur d'Estouteville et Valmont",p39324.htm#i393236,,1395-02-22T00:00:00Z,,http://www.wikidata.org/prop/direct/P26,http://www.wikidata.org/prop/direct/P26,http://www.wikidata.org/entity/Q75901474,Marguerite de Montmorency
http://www.wikidata.org/entity/Q75903532,"Robert VI d'Estouteville, Seigneur d'Estouteville et Valmont",p39324.htm#i393236,,1395-02-22T00:00:00Z,,http://www.wikidata.org/prop/direct/P31,http://www.wikidata.org/prop/direct/P31,http://www.wikidata.org/entity/Q5,human
http://www.wikidata.org/entity/Q75903532,"Robert VI d'Estouteville, Seigneur d'Estouteville et Valmont",p39324.htm#i393236,,1395-02-22T00:00:00Z,,http://www.wikidata.org/prop/direct/P40,http://www.wikidata.org/prop/direct/P40,http://www.wikidata.org/entity/Q102828234,Isabeau d'Estouteville
http://www.wikidata.org/entity/Q75903532,"Robert VI d'Estouteville, Seigneur d'Estouteville et Valmont",p39324.htm#i393236,,1395-02-22T00:00:00Z,,http://www.wikidata.org/prop/direct/P40,http://www.wikidata.org/prop/direct/P40,http://www.wikidata.org/entity/Q75903524,"Jean II d'Estouteville, Seigneur d'Estouteville et Valmont"
http://www.wikidata.org/entity/Q75903532,"Robert VI d'Estouteville, Seigneur d'Estouteville et Valmont",p39324.htm#i393236,,1395-02-22T00:00:00Z,,http://www.wikidata.org/prop/direct/P94,http://www.wikidata.org/prop/direct/P94,http://commons.wikimedia.org/wiki/Special:FilePath/Blason%20famille%20fr%20d%27Estouteville.svg,http://commons.wikimedia.org/wiki/Special:FilePath/Blason%20famille%20fr%20d%27Estouteville.svg
http://www.wikidata.org/entity/Q75903532,"Robert VI d'Estouteville, Seigneur d'Estouteville et Valmont",p39324.htm#i393236,,1395-02-22T00:00:00Z,,http://www.wikidata.org/prop/direct/P1185,http://www.wikidata.org/prop/direct/P1185,1009623,1009623
http://www.wikidata.org/entity/Q75903532,"Robert VI d'Estouteville, Seigneur d'Estouteville et Valmont",p39324.htm#i393236,,1395-02-22T00:00:00Z,,http://www.wikidata.org/prop/direct/P1819,http://www.wikidata.org/prop/direct/P1819,I00096774,I00096774
http://www.wikidata.org/entity/Q75903532,"Robert VI d'Estouteville, Seigneur d'Estouteville et Valmont",p39324.htm#i393236,,1395-02-22T00:00:00Z,,http://www.wikidata.org/prop/direct/P2949,http://www.wikidata.org/prop/direct/P2949,Estouteville-11,Estouteville-11
http://www.wikidata.org/entity/Q75903532,"Robert VI d'Estouteville, Seigneur d'Estouteville et Valmont",p39324.htm#i393236,,1395-02-22T00:00:00Z,,http://www.wikidata.org/prop/direct/P4638,http://www.wikidata.org/prop/direct/P4638,p39324.htm#i393236,p39324.htm#i393236
http://www.wikidata.org/entity/Q75903532,"Robert VI d'Estouteville, Seigneur d'Estouteville et Valmont",p39324.htm#i393236,,1395-02-22T00:00:00Z,,http://www.wikidata.org/prop/direct/P570,http://www.wikidata.org/prop/direct/P570,1395-02-22T00:00:00Z,1395-02-22T00:00:00Z
http://www.wikidata.org/entity/Q75903532,"Robert VI d'Estouteville, Seigneur d'Estouteville et Valmont",p39324.htm#i393236,,1395-02-22T00:00:00Z,,http://www.wikidata.org/prop/direct/P735,http://www.wikidata.org/prop/direct/P735,http://www.wikidata.org/entity/Q4927937,Robert
http://www.wikidata.org/entity/Q75903532,"Robert VI d'Estouteville, Seigneur d'Estouteville et Valmont",p39324.htm#i393236,,1395-02-22T00:00:00Z,,http://www.wikidata.org/prop/direct/P7929,http://www.wikidata.org/prop/direct/P7929,p=robert;n=d estouteville;oc=1,p=robert;n=d estouteville;oc=1
http://www.wikidata.org/entity/Q75903543,Denise de Montmorency,p39325.htm#i393242,1365-01-01T00:00:00Z,,,http://www.wikidata.org/prop/direct/P21,http://www.wikidata.org/prop/direct/P21,http://www.wikidata.org/entity/Q6581072,female
http://www.wikidata.org/entity/Q75903543,Denise de Montmorency,p39325.htm#i393242,1365-01-01T00:00:00Z,,,http://www.wikidata.org/prop/direct/P22,http://www.wikidata.org/prop/direct/P22,http://www.wikidata.org/entity/Q2959418,Charles de Montmorency
http://www.wikidata.org/entity/Q75903543,Denise de Montmorency,p39325.htm#i393242,1365-01-01T00:00:00Z,,,http://www.wikidata.org/prop/direct/P25,http://www.wikidata.org/prop/direct/P25,http://www.wikidata.org/entity/Q61733480,Pernelle de Villiers
http://www.wikidata.org/entity/Q75903543,Denise de Montmorency,p39325.htm#i393242,1365-01-01T00:00:00Z,,,http://www.wikidata.org/prop/direct/P26,http://www.wikidata.org/prop/direct/P26,http://www.wikidata.org/entity/Q3216956,Lancelot Turpin de Crissé
http://www.wikidata.org/entity/Q75903543,Denise de Montmorency,p39325.htm#i393242,1365-01-01T00:00:00Z,,,http://www.wikidata.org/prop/direct/P31,http://www.wikidata.org/prop/direct/P31,http://www.wikidata.org/entity/Q5,human
http://www.wikidata.org/entity/Q75903543,Denise de Montmorency,p39325.htm#i393242,1365-01-01T00:00:00Z,,,http://www.wikidata.org/prop/direct/P40,http://www.wikidata.org/prop/direct/P40,http://www.wikidata.org/entity/Q102819355,"Antoine Turpin, Seigneur de Crissé"
http://www.wikidata.org/entity/Q75903543,Denise de Montmorency,p39325.htm#i393242,1365-01-01T00:00:00Z,,,http://www.wikidata.org/prop/direct/P40,http://www.wikidata.org/prop/direct/P40,http://www.wikidata.org/entity/Q110520346,Martine Turpin de Crissé
http://www.wikidata.org/entity/Q75903543,Denise de Montmorency,p39325.htm#i393242,1365-01-01T00:00:00Z,,,http://www.wikidata.org/prop/direct/P40,http://www.wikidata.org/prop/direct/P40,http://www.wikidata.org/entity/Q115898708,Jeanne Turpin de Crissé
http://www.wikidata.org/entity/Q75903543,Denise de Montmorency,p39325.htm#i393242,1365-01-01T00:00:00Z,,,http://www.wikidata.org/prop/direct/P40,http://www.wikidata.org/prop/direct/P40,http://www.wikidata.org/entity/Q75903517,Catherine Turpin
http://www.wikidata.org/entity/Q75903543,Denise de Montmorency,p39325.htm#i393242,1365-01-01T00:00:00Z,,,http://www.wikidata.org/prop/direct/P1185,http://www.wikidata.org/prop/direct/P1185,1009327,1009327
http://www.wikidata.org/entity/Q75903543,Denise de Montmorency,p39325.htm#i393242,1365-01-01T00:00:00Z,,,http://www.wikidata.org/prop/direct/P1819,http://www.wikidata.org/prop/direct/P1819,I00028968,I00028968
http://www.wikidata.org/entity/Q75903543,Denise de Montmorency,p39325.htm#i393242,1365-01-01T00:00:00Z,,,http://www.wikidata.org/prop/direct/P2949,http://www.wikidata.org/prop/direct/P2949,Montmorency-75,Montmorency-75
http://www.wikidata.org/entity/Q75903543,Denise de Montmorency,p39325.htm#i393242,1365-01-01T00:00:00Z,,,http://www.wikidata.org/prop/direct/P4638,http://www.wikidata.org/prop/direct/P4638,p39325.htm#i393242,p39325.htm#i393242
http://www.wikidata.org/entity/Q75903543,Denise de Montmorency,p39325.htm#i393242,1365-01-01T00:00:00Z,,,http://www.wikidata.org/prop/direct/P569,http://www.wikidata.org/prop/direct/P569,1365-01-01T00:00:00Z,1365-01-01T00:00:00Z
http://www.wikidata.org/entity/Q75903543,Denise de Montmorency,p39325.htm#i393242,1365-01-01T00:00:00Z,,,http://www.wikidata.org/prop/direct/P735,http://www.wikidata.org/prop/direct/P735,http://www.wikidata.org/entity/Q1193018,Denise
http://www.wikidata.org/entity/Q75903543,Denise de Montmorency,p39325.htm#i393242,1365-01-01T00:00:00Z,,,http://www.wikidata.org/prop/direct/P7929,http://www.wikidata.org/prop/direct/P7929,p=denise;n=de montmorency,p=denise;n=de montmorency
http://www.wikidata.org/entity/Q75903551,"Isabeau de l'Archevêque dame de Semblancay, de Montfort-le-Rotrou, de Vibraye, de Bonnetable et d'Aspremont",p39325.htm#i393247,,1357-01-01T00:00:00Z,,http://www.wikidata.org/prop/direct/P21,http://www.wikidata.org/prop/direct/P21,http://www.wikidata.org/entity/Q6581072,female
http://www.wikidata.org/entity/Q75903551,"Isabeau de l'Archevêque dame de Semblancay, de Montfort-le-Rotrou, de Vibraye, de Bonnetable et d'Aspremont",p39325.htm#i393247,,1357-01-01T00:00:00Z,,http://www.wikidata.org/prop/direct/P22,http://www.wikidata.org/prop/direct/P22,http://www.wikidata.org/entity/Q114253540,"Jean I de Parthenay, Sire de Parthenay et de Semblecay"
http://www.wikidata.org/entity/Q75903551,"Isabeau de l'Archevêque dame de Semblancay, de Montfort-le-Rotrou, de Vibraye, de Bonnetable et d'Aspremont",p39325.htm#i393247,,1357-01-01T00:00:00Z,,http://www.wikidata.org/prop/direct/P25,http://www.wikidata.org/prop/direct/P25,http://www.wikidata.org/entity/Q114279681,Marguerite de Meslay
http://www.wikidata.org/entity/Q75903551,"Isabeau de l'Archevêque dame de Semblancay, de Montfort-le-Rotrou, de Vibraye, de Bonnetable et d'Aspremont",p39325.htm#i393247,,1357-01-01T00:00:00Z,,http://www.wikidata.org/prop/direct/P26,http://www.wikidata.org/prop/direct/P26,http://www.wikidata.org/entity/Q2322407,"John IV, Count of Harcourt"
http://www.wikidata.org/entity/Q75903551,"Isabeau de l'Archevêque dame de Semblancay, de Montfort-le-Rotrou, de Vibraye, de Bonnetable et d'Aspremont",p39325.htm#i393247,,1357-01-01T00:00:00Z,,http://www.wikidata.org/prop/direct/P31,http://www.wikidata.org/prop/direct/P31,http://www.wikidata.org/entity/Q5,human
http://www.wikidata.org/entity/Q75903551,"Isabeau de l'Archevêque dame de Semblancay, de Montfort-le-Rotrou, de Vibraye, de Bonnetable et d'Aspremont",p39325.htm#i393247,,1357-01-01T00:00:00Z,,http://www.wikidata.org/prop/direct/P40,http://www.wikidata.org/prop/direct/P40,http://www.wikidata.org/entity/Q102827367,Alix d'Harcourt
http://www.wikidata.org/entity/Q75903551,"Isabeau de l'Archevêque dame de Semblancay, de Montfort-le-Rotrou, de Vibraye, de Bonnetable et d'Aspremont",p39325.htm#i393247,,1357-01-01T00:00:00Z,,http://www.wikidata.org/prop/direct/P40,http://www.wikidata.org/prop/direct/P40,http://www.wikidata.org/entity/Q109012693,"Guillaume d'Harcourt, Seigneur de La Ferté-Imbault"
http://www.wikidata.org/entity/Q75903551,"Isabeau de l'Archevêque dame de Semblancay, de Montfort-le-Rotrou, de Vibraye, de Bonnetable et d'Aspremont",p39325.htm#i393247,,1357-01-01T00:00:00Z,,http://www.wikidata.org/prop/direct/P40,http://www.wikidata.org/prop/direct/P40,http://www.wikidata.org/entity/Q110601892,Marguerite d'Harcourt
http://www.wikidata.org/entity/Q75903551,"Isabeau de l'Archevêque dame de Semblancay, de Montfort-le-Rotrou, de Vibraye, de Bonnetable et d'Aspremont",p39325.htm#i393247,,1357-01-01T00:00:00Z,,http://www.wikidata.org/prop/direct/P40,http://www.wikidata.org/prop/direct/P40,http://www.wikidata.org/entity/Q1959902,"John V, Count of Harcourt"
http://www.wikidata.org/entity/Q75903551,"Isabeau de l'Archevêque dame de Semblancay, de Montfort-le-Rotrou, de Vibraye, de Bonnetable et d'Aspremont",p39325.htm#i393247,,1357-01-01T00:00:00Z,,http://www.wikidata.org/prop/direct/P40,http://www.wikidata.org/prop/direct/P40,http://www.wikidata.org/entity/Q8641853,Louis I d'Harcourt
http://www.wikidata.org/entity/Q75903551,"Isabeau de l'Archevêque dame de Semblancay, de Montfort-le-Rotrou, de Vibraye, de Bonnetable et d'Aspremont",p39325.htm#i393247,,1357-01-01T00:00:00Z,,http://www.wikidata.org/prop/direct/P1185,http://www.wikidata.org/prop/direct/P1185,545075,545075
http://www.wikidata.org/entity/Q75903551,"Isabeau de l'Archevêque dame de Semblancay, de Montfort-le-Rotrou, de Vibraye, de Bonnetable et d'Aspremont",p39325.htm#i393247,,1357-01-01T00:00:00Z,,http://www.wikidata.org/prop/direct/P1819,http://www.wikidata.org/prop/direct/P1819,I00012381,I00012381
http://www.wikidata.org/entity/Q75903551,"Isabeau de l'Archevêque dame de Semblancay, de Montfort-le-Rotrou, de Vibraye, de Bonnetable et d'Aspremont",p39325.htm#i393247,,1357-01-01T00:00:00Z,,http://www.wikidata.org/prop/direct/P2949,http://www.wikidata.org/prop/direct/P2949,Parthenay-6,Parthenay-6
http://www.wikidata.org/entity/Q75903551,"Isabeau de l'Archevêque dame de Semblancay, de Montfort-le-Rotrou, de Vibraye, de Bonnetable et d'Aspremont",p39325.htm#i393247,,1357-01-01T00:00:00Z,,http://www.wikidata.org/prop/direct/P4638,http://www.wikidata.org/prop/direct/P4638,p39325.htm#i393247,p39325.htm#i393247
http://www.wikidata.org/entity/Q75903551,"Isabeau de l'Archevêque dame de Semblancay, de Montfort-le-Rotrou, de Vibraye, de Bonnetable et d'Aspremont",p39325.htm#i393247,,1357-01-01T00:00:00Z,,http://www.wikidata.org/prop/direct/P570,http://www.wikidata.org/prop/direct/P570,1357-01-01T00:00:00Z,1357-01-01T00:00:00Z
http://www.wikidata.org/entity/Q75903551,"Isabeau de l'Archevêque dame de Semblancay, de Montfort-le-Rotrou, de Vibraye, de Bonnetable et d'Aspremont",p39325.htm#i393247,,1357-01-01T00:00:00Z,,http://www.wikidata.org/prop/direct/P7929,http://www.wikidata.org/prop/direct/P7929,p=isabeau;n=de parthenay,p=isabeau;n=de parthenay
http://www.wikidata.org/entity/Q75903552,"Guillaume VI de l'Archevêque, Seigneur de Parthenay",p39326.htm#i393251,,1322-01-01T00:00:00Z,,http://www.wikidata.org/prop/direct/P21,http://www.wikidata.org/prop/direct/P21,http://www.wikidata.org/entity/Q6581097,male
http://www.wikidata.org/entity/Q75903552,"Guillaume VI de l'Archevêque, Seigneur de Parthenay",p39326.htm#i393251,,1322-01-01T00:00:00Z,,http://www.wikidata.org/prop/direct/P22,http://www.wikidata.org/prop/direct/P22,http://www.wikidata.org/entity/Q54912960,Hugh II of Parthenay-l'Archevêque
http://www.wikidata.org/entity/Q75903552,"Guillaume VI de l'Archevêque, Seigneur de Parthenay",p39326.htm#i393251,,1322-01-01T00:00:00Z,,http://www.wikidata.org/prop/direct/P25,http://www.wikidata.org/prop/direct/P25,http://www.wikidata.org/entity/Q97035492,Valence de Lusignan
http://www.wikidata.org/entity/Q75903552,"Guillaume VI de l'Archevêque, Seigneur de Parthenay",p39326.htm#i393251,,1322-01-01T00:00:00Z,,http://www.wikidata.org/prop/direct/P26,http://www.wikidata.org/prop/direct/P26,http://www.wikidata.org/entity/Q110578196,Marguerite de Thouars
http://www.wikidata.org/entity/Q75903552,"Guillaume VI de l'Archevêque, Seigneur de Parthenay",p39326.htm#i393251,,1322-01-01T00:00:00Z,,http://www.wikidata.org/prop/direct/P26,http://www.wikidata.org/prop/direct/P26,http://www.wikidata.org/entity/Q75903554,"Jeanne de Montfort-le-Rotrou, dame de Montfort-le-Rotrou, de Vibraye et de Semblancay"
http://www.wikidata.org/entity/Q75903552,"Guillaume VI de l'Archevêque, Seigneur de Parthenay",p39326.htm#i393251,,1322-01-01T00:00:00Z,,http://www.wikidata.org/prop/direct/P31,http://www.wikidata.org/prop/direct/P31,http://www.wikidata.org/entity/Q5,human
http://www.wikidata.org/entity/Q75903552,"Guillaume VI de l'Archevêque, Seigneur de Parthenay",p39326.htm#i393251,,1322-01-01T00:00:00Z,,http://www.wikidata.org/prop/direct/P40,http://www.wikidata.org/prop/direct/P40,http://www.wikidata.org/entity/Q102836020,"Guy I L'Archeveque, Sire de Soubise et de Taillebourg"
http://www.wikidata.org/entity/Q75903552,"Guillaume VI de l'Archevêque, Seigneur de Parthenay",p39326.htm#i393251,,1322-01-01T00:00:00Z,,http://www.wikidata.org/prop/direct/P40,http://www.wikidata.org/prop/direct/P40,http://www.wikidata.org/entity/Q111443283,Marie de Parthenay
http://www.wikidata.org/entity/Q75903552,"Guillaume VI de l'Archevêque, Seigneur de Parthenay",p39326.htm#i393251,,1322-01-01T00:00:00Z,,http://www.wikidata.org/prop/direct/P40,http://www.wikidata.org/prop/direct/P40,http://www.wikidata.org/entity/Q114253540,"Jean I de Parthenay, Sire de Parthenay et de Semblecay"
http://www.wikidata.org/entity/Q75903552,"Guillaume VI de l'Archevêque, Seigneur de Parthenay",p39326.htm#i393251,,1322-01-01T00:00:00Z,,http://www.wikidata.org/prop/direct/P40,http://www.wikidata.org/prop/direct/P40,http://www.wikidata.org/entity/Q114259810,"Hugues de Parthenay, Seigneur de Montfort-le-Rotrou"
http://www.wikidata.org/entity/Q75903552,"Guillaume VI de l'Archevêque, Seigneur de Parthenay",p39326.htm#i393251,,1322-01-01T00:00:00Z,,http://www.wikidata.org/prop/direct/P40,http://www.wikidata.org/prop/direct/P40,http://www.wikidata.org/entity/Q96243610,Létice de Parthenay
http://www.wikidata.org/entity/Q75903552,"Guillaume VI de l'Archevêque, Seigneur de Parthenay",p39326.htm#i393251,,1322-01-01T00:00:00Z,,http://www.wikidata.org/prop/direct/P1185,http://www.wikidata.org/prop/direct/P1185,650328,650328
http://www.wikidata.org/entity/Q75903552,"Guillaume VI de l'Archevêque, Seigneur de Parthenay",p39326.htm#i393251,,1322-01-01T00:00:00Z,,http://www.wikidata.org/prop/direct/P1819,http://www.wikidata.org/prop/direct/P1819,I00164784,I00164784
http://www.wikidata.org/entity/Q75903552,"Guillaume VI de l'Archevêque, Seigneur de Parthenay",p39326.htm#i393251,,1322-01-01T00:00:00Z,,http://www.wikidata.org/prop/direct/P2949,http://www.wikidata.org/prop/direct/P2949,Parthenay-8,Parthenay-8
http://www.wikidata.org/entity/Q75903552,"Guillaume VI de l'Archevêque, Seigneur de Parthenay",p39326.htm#i393251,,1322-01-01T00:00:00Z,,http://www.wikidata.org/prop/direct/P4638,http://www.wikidata.org/prop/direct/P4638,p39326.htm#i393251,p39326.htm#i393251
http://www.wikidata.org/entity/Q75903552,"Guillaume VI de l'Archevêque, Seigneur de Parthenay",p39326.htm#i393251,,1322-01-01T00:00:00Z,,http://www.wikidata.org/prop/direct/P570,http://www.wikidata.org/prop/direct/P570,1322-01-01T00:00:00Z,1322-01-01T00:00:00Z
http://www.wikidata.org/entity/Q75903552,"Guillaume VI de l'Archevêque, Seigneur de Parthenay",p39326.htm#i393251,,1322-01-01T00:00:00Z,,http://www.wikidata.org/prop/direct/P735,http://www.wikidata.org/prop/direct/P735,http://www.wikidata.org/entity/Q18190448,Guillaume
http://www.wikidata.org/entity/Q75903552,"Guillaume VI de l'Archevêque, Seigneur de Parthenay",p39326.htm#i393251,,1322-01-01T00:00:00Z,,http://www.wikidata.org/prop/direct/P7929,http://www.wikidata.org/prop/direct/P7929,p=guillaume;n=larcheveque;oc=1,p=guillaume;n=larcheveque;oc=1
http://www.wikidata.org/entity/Q75903554,"Jeanne de Montfort-le-Rotrou, dame de Montfort-le-Rotrou, de Vibraye et de Semblancay",p39326.htm#i393252,1250-01-01T00:00:00Z,1291-03-26T00:00:00Z,,http://www.wikidata.org/prop/direct/P21,http://www.wikidata.org/prop/direct/P21,http://www.wikidata.org/entity/Q6581072,female
http://www.wikidata.org/entity/Q75903554,"Jeanne de Montfort-le-Rotrou, dame de Montfort-le-Rotrou, de Vibraye et de Semblancay",p39326.htm#i393252,1250-01-01T00:00:00Z,1291-03-26T00:00:00Z,,http://www.wikidata.org/prop/direct/P22,http://www.wikidata.org/prop/direct/P22,http://www.wikidata.org/entity/Q110509350,"Rotrou de Montfort, Sire de Montfort-le-Rotrou"
http://www.wikidata.org/entity/Q75903554,"Jeanne de Montfort-le-Rotrou, dame de Montfort-le-Rotrou, de Vibraye et de Semblancay",p39326.htm#i393252,1250-01-01T00:00:00Z,1291-03-26T00:00:00Z,,http://www.wikidata.org/prop/direct/P25,http://www.wikidata.org/prop/direct/P25,http://www.wikidata.org/entity/Q110509356,Marguerite d'Alluye
http://www.wikidata.org/entity/Q75903554,"Jeanne de Montfort-le-Rotrou, dame de Montfort-le-Rotrou, de Vibraye et de Semblancay",p39326.htm#i393252,1250-01-01T00:00:00Z,1291-03-26T00:00:00Z,,http://www.wikidata.org/prop/direct/P26,http://www.wikidata.org/prop/direct/P26,http://www.wikidata.org/entity/Q75903552,"Guillaume VI de l'Archevêque, Seigneur de Parthenay"
http://www.wikidata.org/entity/Q75903554,"Jeanne de Montfort-le-Rotrou, dame de Montfort-le-Rotrou, de Vibraye et de Semblancay",p39326.htm#i393252,1250-01-01T00:00:00Z,1291-03-26T00:00:00Z,,http://www.wikidata.org/prop/direct/P31,http://www.wikidata.org/prop/direct/P31,http://www.wikidata.org/entity/Q5,human
http://www.wikidata.org/entity/Q75903554,"Jeanne de Montfort-le-Rotrou, dame de Montfort-le-Rotrou, de Vibraye et de Semblancay",p39326.htm#i393252,1250-01-01T00:00:00Z,1291-03-26T00:00:00Z,,http://www.wikidata.org/prop/direct/P40,http://www.wikidata.org/prop/direct/P40,http://www.wikidata.org/entity/Q111443283,Marie de Parthenay
http://www.wikidata.org/entity/Q75903554,"Jeanne de Montfort-le-Rotrou, dame de Montfort-le-Rotrou, de Vibraye et de Semblancay",p39326.htm#i393252,1250-01-01T00:00:00Z,1291-03-26T00:00:00Z,,http://www.wikidata.org/prop/direct/P40,http://www.wikidata.org/prop/direct/P40,http://www.wikidata.org/entity/Q114253540,"Jean I de Parthenay, Sire de Parthenay et de Semblecay"
http://www.wikidata.org/entity/Q75903554,"Jeanne de Montfort-le-Rotrou, dame de Montfort-le-Rotrou, de Vibraye et de Semblancay",p39326.htm#i393252,1250-01-01T00:00:00Z,1291-03-26T00:00:00Z,,http://www.wikidata.org/prop/direct/P40,http://www.wikidata.org/prop/direct/P40,http://www.wikidata.org/entity/Q114259810,"Hugues de Parthenay, Seigneur de Montfort-le-Rotrou"
http://www.wikidata.org/entity/Q75903554,"Jeanne de Montfort-le-Rotrou, dame de Montfort-le-Rotrou, de Vibraye et de Semblancay",p39326.htm#i393252,1250-01-01T00:00:00Z,1291-03-26T00:00:00Z,,http://www.wikidata.org/prop/direct/P40,http://www.wikidata.org/prop/direct/P40,http://www.wikidata.org/entity/Q96243610,Létice de Parthenay
http://www.wikidata.org/entity/Q75903554,"Jeanne de Montfort-le-Rotrou, dame de Montfort-le-Rotrou, de Vibraye et de Semblancay",p39326.htm#i393252,1250-01-01T00:00:00Z,1291-03-26T00:00:00Z,,http://www.wikidata.org/prop/direct/P10864,http://www.wikidata.org/prop/direct/P10864,88525,88525
http://www.wikidata.org/entity/Q75903554,"Jeanne de Montfort-le-Rotrou, dame de Montfort-le-Rotrou, de Vibraye et de Semblancay",p39326.htm#i393252,1250-01-01T00:00:00Z,1291-03-26T00:00:00Z,,http://www.wikidata.org/prop/direct/P1185,http://www.wikidata.org/prop/direct/P1185,650329,650329
http://www.wikidata.org/entity/Q75903554,"Jeanne de Montfort-le-Rotrou, dame de Montfort-le-Rotrou, de Vibraye et de Semblancay",p39326.htm#i393252,1250-01-01T00:00:00Z,1291-03-26T00:00:00Z,,http://www.wikidata.org/prop/direct/P1819,http://www.wikidata.org/prop/direct/P1819,I00164785,I00164785
http://www.wikidata.org/entity/Q75903554,"Jeanne de Montfort-le-Rotrou, dame de Montfort-le-Rotrou, de Vibraye et de Semblancay",p39326.htm#i393252,1250-01-01T00:00:00Z,1291-03-26T00:00:00Z,,http://www.wikidata.org/prop/direct/P2949,http://www.wikidata.org/prop/direct/P2949,Montfort-443,Montfort-443
http://www.wikidata.org/entity/Q75903554,"Jeanne de Montfort-le-Rotrou, dame de Montfort-le-Rotrou, de Vibraye et de Semblancay",p39326.htm#i393252,1250-01-01T00:00:00Z,1291-03-26T00:00:00Z,,http://www.wikidata.org/prop/direct/P4638,http://www.wikidata.org/prop/direct/P4638,p39326.htm#i393252,p39326.htm#i393252
http://www.wikidata.org/entity/Q75903554,"Jeanne de Montfort-le-Rotrou, dame de Montfort-le-Rotrou, de Vibraye et de Semblancay",p39326.htm#i393252,1250-01-01T00:00:00Z,1291-03-26T00:00:00Z,,http://www.wikidata.org/prop/direct/P569,http://www.wikidata.org/prop/direct/P569,1250-01-01T00:00:00Z,1250-01-01T00:00:00Z
http://www.wikidata.org/entity/Q75903554,"Jeanne de Montfort-le-Rotrou, dame de Montfort-le-Rotrou, de Vibraye et de Semblancay",p39326.htm#i393252,1250-01-01T00:00:00Z,1291-03-26T00:00:00Z,,http://www.wikidata.org/prop/direct/P570,http://www.wikidata.org/prop/direct/P570,1291-03-26T00:00:00Z,1291-03-26T00:00:00Z
http://www.wikidata.org/entity/Q75903554,"Jeanne de Montfort-le-Rotrou, dame de Montfort-le-Rotrou, de Vibraye et de Semblancay",p39326.htm#i393252,1250-01-01T00:00:00Z,1291-03-26T00:00:00Z,,http://www.wikidata.org/prop/direct/P735,http://www.wikidata.org/prop/direct/P735,http://www.wikidata.org/entity/Q2438057,Jeanne
http://www.wikidata.org/entity/Q75903554,"Jeanne de Montfort-le-Rotrou, dame de Montfort-le-Rotrou, de Vibraye et de Semblancay",p39326.htm#i393252,1250-01-01T00:00:00Z,1291-03-26T00:00:00Z,,http://www.wikidata.org/prop/direct/P7929,http://www.wikidata.org/prop/direct/P7929,p=jeanne;n=de montfort le rotrou,p=jeanne;n=de montfort le rotrou
http://www.wikidata.org/entity/Q75903567,Anceline de Montfort-sur-Risle,p39326.htm#i393259,,1030-01-01T00:00:00Z,,http://www.wikidata.org/prop/direct/P21,http://www.wikidata.org/prop/direct/P21,http://www.wikidata.org/entity/Q6581072,female
http://www.wikidata.org/entity/Q75903567,Anceline de Montfort-sur-Risle,p39326.htm#i393259,,1030-01-01T00:00:00Z,,http://www.wikidata.org/prop/direct/P22,http://www.wikidata.org/prop/direct/P22,http://www.wikidata.org/entity/Q75937326,"Toussaint Bernard, Seigneur de Montfort"
http://www.wikidata.org/entity/Q75903567,Anceline de Montfort-sur-Risle,p39326.htm#i393259,,1030-01-01T00:00:00Z,,http://www.wikidata.org/prop/direct/P26,http://www.wikidata.org/prop/direct/P26,http://www.wikidata.org/entity/Q8128880,Turquetil of Harcourt
http://www.wikidata.org/entity/Q75903567,Anceline de Montfort-sur-Risle,p39326.htm#i393259,,1030-01-01T00:00:00Z,,http://www.wikidata.org/prop/direct/P31,http://www.wikidata.org/prop/direct/P31,http://www.wikidata.org/entity/Q5,human
http://www.wikidata.org/entity/Q75903567,Anceline de Montfort-sur-Risle,p39326.htm#i393259,,1030-01-01T00:00:00Z,,http://www.wikidata.org/prop/direct/P40,http://www.wikidata.org/prop/direct/P40,http://www.wikidata.org/entity/Q2852414,Anquetil of Harcourt
http://www.wikidata.org/entity/Q75903567,Anceline de Montfort-sur-Risle,p39326.htm#i393259,,1030-01-01T00:00:00Z,,http://www.wikidata.org/prop/direct/P40,http://www.wikidata.org/prop/direct/P40,http://www.wikidata.org/entity/Q61883175,Lesceline de Pont-Audemer
http://www.wikidata.org/entity/Q75903567,Anceline de Montfort-sur-Risle,p39326.htm#i393259,,1030-01-01T00:00:00Z,,http://www.wikidata.org/prop/direct/P1185,http://www.wikidata.org/prop/direct/P1185,1006723,1006723
http://www.wikidata.org/entity/Q75903567,Anceline de Montfort-sur-Risle,p39326.htm#i393259,,1030-01-01T00:00:00Z,,http://www.wikidata.org/prop/direct/P1819,http://www.wikidata.org/prop/direct/P1819,I00028868,I00028868
http://www.wikidata.org/entity/Q75903567,Anceline de Montfort-sur-Risle,p39326.htm#i393259,,1030-01-01T00:00:00Z,,http://www.wikidata.org/prop/direct/P2949,http://www.wikidata.org/prop/direct/P2949,Montfort-22,Montfort-22
http://www.wikidata.org/entity/Q75903567,Anceline de Montfort-sur-Risle,p39326.htm#i393259,,1030-01-01T00:00:00Z,,http://www.wikidata.org/prop/direct/P4638,http://www.wikidata.org/prop/direct/P4638,p39326.htm#i393259,p39326.htm#i393259
http://www.wikidata.org/entity/Q75903567,Anceline de Montfort-sur-Risle,p39326.htm#i393259,,1030-01-01T00:00:00Z,,http://www.wikidata.org/prop/direct/P570,http://www.wikidata.org/prop/direct/P570,1030-01-01T00:00:00Z,1030-01-01T00:00:00Z
http://www.wikidata.org/entity/Q75903567,Anceline de Montfort-sur-Risle,p39326.htm#i393259,,1030-01-01T00:00:00Z,,http://www.wikidata.org/prop/direct/P7929,http://www.wikidata.org/prop/direct/P7929,p=anceline;n=de montfort;oc=1,p=anceline;n=de montfort;oc=1
http://www.wikidata.org/entity/Q75904135,Richard Plunket,p39361.htm#i393605,1339-01-01T00:00:00Z,1376-01-01T00:00:00Z,,http://www.wikidata.org/prop/direct/P21,http://www.wikidata.org/prop/direct/P21,http://www.wikidata.org/entity/Q6581097,male
http://www.wikidata.org/entity/Q75904135,Richard Plunket,p39361.htm#i393605,1339-01-01T00:00:00Z,1376-01-01T00:00:00Z,,http://www.wikidata.org/prop/direct/P22,http://www.wikidata.org/prop/direct/P22,http://www.wikidata.org/entity/Q75904130,John Plunket
http://www.wikidata.org/entity/Q75904135,Richard Plunket,p39361.htm#i393605,1339-01-01T00:00:00Z,1376-01-01T00:00:00Z,,http://www.wikidata.org/prop/direct/P25,http://www.wikidata.org/prop/direct/P25,http://www.wikidata.org/entity/Q76056851,Alice de Trim
http://www.wikidata.org/entity/Q75904135,Richard Plunket,p39361.htm#i393605,1339-01-01T00:00:00Z,1376-01-01T00:00:00Z,,http://www.wikidata.org/prop/direct/P26,http://www.wikidata.org/prop/direct/P26,http://www.wikidata.org/entity/Q75904136,Margaret (?)
http://www.wikidata.org/entity/Q75904135,Richard Plunket,p39361.htm#i393605,1339-01-01T00:00:00Z,1376-01-01T00:00:00Z,,http://www.wikidata.org/prop/direct/P31,http://www.wikidata.org/prop/direct/P31,http://www.wikidata.org/entity/Q5,human
http://www.wikidata.org/entity/Q75904135,Richard Plunket,p39361.htm#i393605,1339-01-01T00:00:00Z,1376-01-01T00:00:00Z,,http://www.wikidata.org/prop/direct/P40,http://www.wikidata.org/prop/direct/P40,http://www.wikidata.org/entity/Q75904137,John Plunket
http://www.wikidata.org/entity/Q75904135,Richard Plunket,p39361.htm#i393605,1339-01-01T00:00:00Z,1376-01-01T00:00:00Z,,http://www.wikidata.org/prop/direct/P40,http://www.wikidata.org/prop/direct/P40,http://www.wikidata.org/entity/Q75904148,Sir Christopher Plunket
http://www.wikidata.org/entity/Q75904135,Richard Plunket,p39361.htm#i393605,1339-01-01T00:00:00Z,1376-01-01T00:00:00Z,,http://www.wikidata.org/prop/direct/P40,http://www.wikidata.org/prop/direct/P40,http://www.wikidata.org/entity/Q75904150,Anne Plunket
http://www.wikidata.org/entity/Q75904135,Richard Plunket,p39361.htm#i393605,1339-01-01T00:00:00Z,1376-01-01T00:00:00Z,,http://www.wikidata.org/prop/direct/P1819,http://www.wikidata.org/prop/direct/P1819,I00249139,I00249139
http://www.wikidata.org/entity/Q75904135,Richard Plunket,p39361.htm#i393605,1339-01-01T00:00:00Z,1376-01-01T00:00:00Z,,http://www.wikidata.org/prop/direct/P2949,http://www.wikidata.org/prop/direct/P2949,Plunkett-55,Plunkett-55
http://www.wikidata.org/entity/Q75904135,Richard Plunket,p39361.htm#i393605,1339-01-01T00:00:00Z,1376-01-01T00:00:00Z,,http://www.wikidata.org/prop/direct/P4638,http://www.wikidata.org/prop/direct/P4638,p39361.htm#i393605,p39361.htm#i393605
http://www.wikidata.org/entity/Q75904135,Richard Plunket,p39361.htm#i393605,1339-01-01T00:00:00Z,1376-01-01T00:00:00Z,,http://www.wikidata.org/prop/direct/P569,http://www.wikidata.org/prop/direct/P569,1339-01-01T00:00:00Z,1339-01-01T00:00:00Z
http://www.wikidata.org/entity/Q75904135,Richard Plunket,p39361.htm#i393605,1339-01-01T00:00:00Z,1376-01-01T00:00:00Z,,http://www.wikidata.org/prop/direct/P570,http://www.wikidata.org/prop/direct/P570,1376-01-01T00:00:00Z,1376-01-01T00:00:00Z
http://www.wikidata.org/entity/Q75904135,Richard Plunket,p39361.htm#i393605,1339-01-01T00:00:00Z,1376-01-01T00:00:00Z,,http://www.wikidata.org/prop/direct/P735,http://www.wikidata.org/prop/direct/P735,http://www.wikidata.org/entity/Q1249148,Richard
http://www.wikidata.org/entity/Q75904140,William Plunket,p39361.htm#i393608,,1424-10-09T00:00:00Z,,http://www.wikidata.org/prop/direct/P21,http://www.wikidata.org/prop/direct/P21,http://www.wikidata.org/entity/Q6581097,male
http://www.wikidata.org/entity/Q75904140,William Plunket,p39361.htm#i393608,,1424-10-09T00:00:00Z,,http://www.wikidata.org/prop/direct/P22,http://www.wikidata.org/prop/direct/P22,http://www.wikidata.org/entity/Q75904137,John Plunket
http://www.wikidata.org/entity/Q75904140,William Plunket,p39361.htm#i393608,,1424-10-09T00:00:00Z,,http://www.wikidata.org/prop/direct/P26,http://www.wikidata.org/prop/direct/P26,http://www.wikidata.org/entity/Q75904141,Alice (?)
http://www.wikidata.org/entity/Q75904140,William Plunket,p39361.htm#i393608,,1424-10-09T00:00:00Z,,http://www.wikidata.org/prop/direct/P31,http://www.wikidata.org/prop/direct/P31,http://www.wikidata.org/entity/Q5,human
http://www.wikidata.org/entity/Q75904140,William Plunket,p39361.htm#i393608,,1424-10-09T00:00:00Z,,http://www.wikidata.org/prop/direct/P40,http://www.wikidata.org/prop/direct/P40,http://www.wikidata.org/entity/Q75904142,Patrick Plunket
http://www.wikidata.org/entity/Q75904140,William Plunket,p39361.htm#i393608,,1424-10-09T00:00:00Z,,http://www.wikidata.org/prop/direct/P40,http://www.wikidata.org/prop/direct/P40,http://www.wikidata.org/entity/Q75904145,Philip Plunket
http://www.wikidata.org/entity/Q75904140,William Plunket,p39361.htm#i393608,,1424-10-09T00:00:00Z,,http://www.wikidata.org/prop/direct/P4638,http://www.wikidata.org/prop/direct/P4638,p39361.htm#i393608,p39361.htm#i393608
http://www.wikidata.org/entity/Q75904140,William Plunket,p39361.htm#i393608,,1424-10-09T00:00:00Z,,http://www.wikidata.org/prop/direct/P570,http://www.wikidata.org/prop/direct/P570,1424-10-09T00:00:00Z,1424-10-09T00:00:00Z
http://www.wikidata.org/entity/Q75904140,William Plunket,p39361.htm#i393608,,1424-10-09T00:00:00Z,,http://www.wikidata.org/prop/direct/P735,http://www.wikidata.org/prop/direct/P735,http://www.wikidata.org/entity/Q12344159,William
http://www.wikidata.org/entity/Q75904148,Sir Christopher Plunket,p39362.htm#i393613,1370-01-01T00:00:00Z,1445-01-01T00:00:00Z,,http://www.wikidata.org/prop/direct/P21,http://www.wikidata.org/prop/direct/P21,http://www.wikidata.org/entity/Q6581097,male
http://www.wikidata.org/entity/Q75904148,Sir Christopher Plunket,p39362.htm#i393613,1370-01-01T00:00:00Z,1445-01-01T00:00:00Z,,http://www.wikidata.org/prop/direct/P22,http://www.wikidata.org/prop/direct/P22,http://www.wikidata.org/entity/Q75904135,Richard Plunket
http://www.wikidata.org/entity/Q75904148,Sir Christopher Plunket,p39362.htm#i393613,1370-01-01T00:00:00Z,1445-01-01T00:00:00Z,,http://www.wikidata.org/prop/direct/P25,http://www.wikidata.org/prop/direct/P25,http://www.wikidata.org/entity/Q75904136,Margaret (?)
http://www.wikidata.org/entity/Q75904148,Sir Christopher Plunket,p39362.htm#i393613,1370-01-01T00:00:00Z,1445-01-01T00:00:00Z,,http://www.wikidata.org/prop/direct/P26,http://www.wikidata.org/prop/direct/P26,http://www.wikidata.org/entity/Q75904151,Genet de Cusack
http://www.wikidata.org/entity/Q75904148,Sir Christopher Plunket,p39362.htm#i393613,1370-01-01T00:00:00Z,1445-01-01T00:00:00Z,,http://www.wikidata.org/prop/direct/P31,http://www.wikidata.org/prop/direct/P31,http://www.wikidata.org/entity/Q5,human
http://www.wikidata.org/entity/Q75904148,Sir Christopher Plunket,p39362.htm#i393613,1370-01-01T00:00:00Z,1445-01-01T00:00:00Z,,http://www.wikidata.org/prop/direct/P40,http://www.wikidata.org/prop/direct/P40,http://www.wikidata.org/entity/Q100390558,Elizabeth Plunket
http://www.wikidata.org/entity/Q75904148,Sir Christopher Plunket,p39362.htm#i393613,1370-01-01T00:00:00Z,1445-01-01T00:00:00Z,,http://www.wikidata.org/prop/direct/P40,http://www.wikidata.org/prop/direct/P40,http://www.wikidata.org/entity/Q5113074,"Christopher Plunkett, 1st Baron of Dunsany"
http://www.wikidata.org/entity/Q75904148,Sir Christopher Plunket,p39362.htm#i393613,1370-01-01T00:00:00Z,1445-01-01T00:00:00Z,,http://www.wikidata.org/prop/direct/P40,http://www.wikidata.org/prop/direct/P40,http://www.wikidata.org/entity/Q75386380,Sir Thomas Plunkett
http://www.wikidata.org/entity/Q75904148,Sir Christopher Plunket,p39362.htm#i393613,1370-01-01T00:00:00Z,1445-01-01T00:00:00Z,,http://www.wikidata.org/prop/direct/P40,http://www.wikidata.org/prop/direct/P40,http://www.wikidata.org/entity/Q75904153,John Plunket
http://www.wikidata.org/entity/Q75904148,Sir Christopher Plunket,p39362.htm#i393613,1370-01-01T00:00:00Z,1445-01-01T00:00:00Z,,http://www.wikidata.org/prop/direct/P40,http://www.wikidata.org/prop/direct/P40,http://www.wikidata.org/entity/Q75911444,Robert Plunket
http://www.wikidata.org/entity/Q75904148,Sir Christopher Plunket,p39362.htm#i393613,1370-01-01T00:00:00Z,1445-01-01T00:00:00Z,,http://www.wikidata.org/prop/direct/P40,http://www.wikidata.org/prop/direct/P40,http://www.wikidata.org/entity/Q75911445,Richard Plunket
http://www.wikidata.org/entity/Q75904148,Sir Christopher Plunket,p39362.htm#i393613,1370-01-01T00:00:00Z,1445-01-01T00:00:00Z,,http://www.wikidata.org/prop/direct/P40,http://www.wikidata.org/prop/direct/P40,http://www.wikidata.org/entity/Q75911447,Edward Plunket
http://www.wikidata.org/entity/Q75904148,Sir Christopher Plunket,p39362.htm#i393613,1370-01-01T00:00:00Z,1445-01-01T00:00:00Z,,http://www.wikidata.org/prop/direct/P40,http://www.wikidata.org/prop/direct/P40,http://www.wikidata.org/entity/Q75911448,Edmund Plunket
http://www.wikidata.org/entity/Q75904148,Sir Christopher Plunket,p39362.htm#i393613,1370-01-01T00:00:00Z,1445-01-01T00:00:00Z,,http://www.wikidata.org/prop/direct/P40,http://www.wikidata.org/prop/direct/P40,http://www.wikidata.org/entity/Q75911449,Matilda Plunket
http://www.wikidata.org/entity/Q75904148,Sir Christopher Plunket,p39362.htm#i393613,1370-01-01T00:00:00Z,1445-01-01T00:00:00Z,,http://www.wikidata.org/prop/direct/P40,http://www.wikidata.org/prop/direct/P40,http://www.wikidata.org/entity/Q76361852,Rowland Plunket
http://www.wikidata.org/entity/Q75904148,Sir Christopher Plunket,p39362.htm#i393613,1370-01-01T00:00:00Z,1445-01-01T00:00:00Z,,http://www.wikidata.org/prop/direct/P1819,http://www.wikidata.org/prop/direct/P1819,I00249135,I00249135
http://www.wikidata.org/entity/Q75904148,Sir Christopher Plunket,p39362.htm#i393613,1370-01-01T00:00:00Z,1445-01-01T00:00:00Z,,http://www.wikidata.org/prop/direct/P2949,http://www.wikidata.org/prop/direct/P2949,Plunkett-345,Plunkett-345
http://www.wikidata.org/entity/Q75904148,Sir Christopher Plunket,p39362.htm#i393613,1370-01-01T00:00:00Z,1445-01-01T00:00:00Z,,http://www.wikidata.org/prop/direct/P4638,http://www.wikidata.org/prop/direct/P4638,p39362.htm#i393613,p39362.htm#i393613
http://www.wikidata.org/entity/Q75904148,Sir Christopher Plunket,p39362.htm#i393613,1370-01-01T00:00:00Z,1445-01-01T00:00:00Z,,http://www.wikidata.org/prop/direct/P511,http://www.wikidata.org/prop/direct/P511,http://www.wikidata.org/entity/Q209690,Sir
http://www.wikidata.org/entity/Q75904148,Sir Christopher Plunket,p39362.htm#i393613,1370-01-01T00:00:00Z,1445-01-01T00:00:00Z,,http://www.wikidata.org/prop/direct/P569,http://www.wikidata.org/prop/direct/P569,1370-01-01T00:00:00Z,1370-01-01T00:00:00Z
http://www.wikidata.org/entity/Q75904148,Sir Christopher Plunket,p39362.htm#i393613,1370-01-01T00:00:00Z,1445-01-01T00:00:00Z,,http://www.wikidata.org/prop/direct/P570,http://www.wikidata.org/prop/direct/P570,1445-01-01T00:00:00Z,1445-01-01T00:00:00Z
http://www.wikidata.org/entity/Q75904148,Sir Christopher Plunket,p39362.htm#i393613,1370-01-01T00:00:00Z,1445-01-01T00:00:00Z,,http://www.wikidata.org/prop/direct/P735,http://www.wikidata.org/prop/direct/P735,http://www.wikidata.org/entity/Q1084472,Christopher
http://www.wikidata.org/entity/Q75904151,Genet de Cusack,p39362.htm#i393615,1370-01-01T00:00:00Z,1442-03-08T00:00:00Z,,http://www.wikidata.org/prop/direct/P21,http://www.wikidata.org/prop/direct/P21,http://www.wikidata.org/entity/Q6581072,female
http://www.wikidata.org/entity/Q75904151,Genet de Cusack,p39362.htm#i393615,1370-01-01T00:00:00Z,1442-03-08T00:00:00Z,,http://www.wikidata.org/prop/direct/P22,http://www.wikidata.org/prop/direct/P22,http://www.wikidata.org/entity/Q75882144,Sir Luke de Cusack
http://www.wikidata.org/entity/Q75904151,Genet de Cusack,p39362.htm#i393615,1370-01-01T00:00:00Z,1442-03-08T00:00:00Z,,http://www.wikidata.org/prop/direct/P25,http://www.wikidata.org/prop/direct/P25,http://www.wikidata.org/entity/Q100390584,"Maud|Matilda Fleming, of Slane"
http://www.wikidata.org/entity/Q75904151,Genet de Cusack,p39362.htm#i393615,1370-01-01T00:00:00Z,1442-03-08T00:00:00Z,,http://www.wikidata.org/prop/direct/P26,http://www.wikidata.org/prop/direct/P26,http://www.wikidata.org/entity/Q75904148,Sir Christopher Plunket
http://www.wikidata.org/entity/Q75904151,Genet de Cusack,p39362.htm#i393615,1370-01-01T00:00:00Z,1442-03-08T00:00:00Z,,http://www.wikidata.org/prop/direct/P31,http://www.wikidata.org/prop/direct/P31,http://www.wikidata.org/entity/Q5,human
http://www.wikidata.org/entity/Q75904151,Genet de Cusack,p39362.htm#i393615,1370-01-01T00:00:00Z,1442-03-08T00:00:00Z,,http://www.wikidata.org/prop/direct/P40,http://www.wikidata.org/prop/direct/P40,http://www.wikidata.org/entity/Q100390558,Elizabeth Plunket
http://www.wikidata.org/entity/Q75904151,Genet de Cusack,p39362.htm#i393615,1370-01-01T00:00:00Z,1442-03-08T00:00:00Z,,http://www.wikidata.org/prop/direct/P40,http://www.wikidata.org/prop/direct/P40,http://www.wikidata.org/entity/Q5113074,"Christopher Plunkett, 1st Baron of Dunsany"
http://www.wikidata.org/entity/Q75904151,Genet de Cusack,p39362.htm#i393615,1370-01-01T00:00:00Z,1442-03-08T00:00:00Z,,http://www.wikidata.org/prop/direct/P40,http://www.wikidata.org/prop/direct/P40,http://www.wikidata.org/entity/Q75386380,Sir Thomas Plunkett
http://www.wikidata.org/entity/Q75904151,Genet de Cusack,p39362.htm#i393615,1370-01-01T00:00:00Z,1442-03-08T00:00:00Z,,http://www.wikidata.org/prop/direct/P40,http://www.wikidata.org/prop/direct/P40,http://www.wikidata.org/entity/Q75904153,John Plunket
http://www.wikidata.org/entity/Q75904151,Genet de Cusack,p39362.htm#i393615,1370-01-01T00:00:00Z,1442-03-08T00:00:00Z,,http://www.wikidata.org/prop/direct/P40,http://www.wikidata.org/prop/direct/P40,http://www.wikidata.org/entity/Q75911444,Robert Plunket
http://www.wikidata.org/entity/Q75904151,Genet de Cusack,p39362.htm#i393615,1370-01-01T00:00:00Z,1442-03-08T00:00:00Z,,http://www.wikidata.org/prop/direct/P40,http://www.wikidata.org/prop/direct/P40,http://www.wikidata.org/entity/Q75911445,Richard Plunket
http://www.wikidata.org/entity/Q75904151,Genet de Cusack,p39362.htm#i393615,1370-01-01T00:00:00Z,1442-03-08T00:00:00Z,,http://www.wikidata.org/prop/direct/P40,http://www.wikidata.org/prop/direct/P40,http://www.wikidata.org/entity/Q75911447,Edward Plunket
http://www.wikidata.org/entity/Q75904151,Genet de Cusack,p39362.htm#i393615,1370-01-01T00:00:00Z,1442-03-08T00:00:00Z,,http://www.wikidata.org/prop/direct/P40,http://www.wikidata.org/prop/direct/P40,http://www.wikidata.org/entity/Q75911448,Edmund Plunket
http://www.wikidata.org/entity/Q75904151,Genet de Cusack,p39362.htm#i393615,1370-01-01T00:00:00Z,1442-03-08T00:00:00Z,,http://www.wikidata.org/prop/direct/P40,http://www.wikidata.org/prop/direct/P40,http://www.wikidata.org/entity/Q75911449,Matilda Plunket
http://www.wikidata.org/entity/Q75904151,Genet de Cusack,p39362.htm#i393615,1370-01-01T00:00:00Z,1442-03-08T00:00:00Z,,http://www.wikidata.org/prop/direct/P40,http://www.wikidata.org/prop/direct/P40,http://www.wikidata.org/entity/Q76361852,Rowland Plunket
http://www.wikidata.org/entity/Q75904151,Genet de Cusack,p39362.htm#i393615,1370-01-01T00:00:00Z,1442-03-08T00:00:00Z,,http://www.wikidata.org/prop/direct/P1819,http://www.wikidata.org/prop/direct/P1819,I00249136,I00249136
http://www.wikidata.org/entity/Q75904151,Genet de Cusack,p39362.htm#i393615,1370-01-01T00:00:00Z,1442-03-08T00:00:00Z,,http://www.wikidata.org/prop/direct/P2949,http://www.wikidata.org/prop/direct/P2949,De_Cusack-2,De_Cusack-2
http://www.wikidata.org/entity/Q75904151,Genet de Cusack,p39362.htm#i393615,1370-01-01T00:00:00Z,1442-03-08T00:00:00Z,,http://www.wikidata.org/prop/direct/P4638,http://www.wikidata.org/prop/direct/P4638,p39362.htm#i393615,p39362.htm#i393615
http://www.wikidata.org/entity/Q75904151,Genet de Cusack,p39362.htm#i393615,1370-01-01T00:00:00Z,1442-03-08T00:00:00Z,,http://www.wikidata.org/prop/direct/P569,http://www.wikidata.org/prop/direct/P569,1370-01-01T00:00:00Z,1370-01-01T00:00:00Z
http://www.wikidata.org/entity/Q75904151,Genet de Cusack,p39362.htm#i393615,1370-01-01T00:00:00Z,1442-03-08T00:00:00Z,,http://www.wikidata.org/prop/direct/P570,http://www.wikidata.org/prop/direct/P570,1442-03-08T00:00:00Z,1442-03-08T00:00:00Z
http://www.wikidata.org/entity/Q75904151,Genet de Cusack,p39362.htm#i393615,1370-01-01T00:00:00Z,1442-03-08T00:00:00Z,,http://www.wikidata.org/prop/direct/P735,http://www.wikidata.org/prop/direct/P735,http://www.wikidata.org/entity/Q1484457,Joan
http://www.wikidata.org/entity/Q75904153,John Plunket,p39362.htm#i393616,1391-01-01T00:00:00Z,,,http://www.wikidata.org/prop/direct/P21,http://www.wikidata.org/prop/direct/P21,http://www.wikidata.org/entity/Q6581097,male
http://www.wikidata.org/entity/Q75904153,John Plunket,p39362.htm#i393616,1391-01-01T00:00:00Z,,,http://www.wikidata.org/prop/direct/P22,http://www.wikidata.org/prop/direct/P22,http://www.wikidata.org/entity/Q75904148,Sir Christopher Plunket
http://www.wikidata.org/entity/Q75904153,John Plunket,p39362.htm#i393616,1391-01-01T00:00:00Z,,,http://www.wikidata.org/prop/direct/P25,http://www.wikidata.org/prop/direct/P25,http://www.wikidata.org/entity/Q75904151,Genet de Cusack
http://www.wikidata.org/entity/Q75904153,John Plunket,p39362.htm#i393616,1391-01-01T00:00:00Z,,,http://www.wikidata.org/prop/direct/P26,http://www.wikidata.org/prop/direct/P26,http://www.wikidata.org/entity/Q75904155,Elizabeth Hollywood
http://www.wikidata.org/entity/Q75904153,John Plunket,p39362.htm#i393616,1391-01-01T00:00:00Z,,,http://www.wikidata.org/prop/direct/P31,http://www.wikidata.org/prop/direct/P31,http://www.wikidata.org/entity/Q5,human
http://www.wikidata.org/entity/Q75904153,John Plunket,p39362.htm#i393616,1391-01-01T00:00:00Z,,,http://www.wikidata.org/prop/direct/P40,http://www.wikidata.org/prop/direct/P40,http://www.wikidata.org/entity/Q75904156,"Christopher Plunket, 1st Lord Killeen"
http://www.wikidata.org/entity/Q75904153,John Plunket,p39362.htm#i393616,1391-01-01T00:00:00Z,,,http://www.wikidata.org/prop/direct/P1819,http://www.wikidata.org/prop/direct/P1819,I00313608,I00313608
http://www.wikidata.org/entity/Q75904153,John Plunket,p39362.htm#i393616,1391-01-01T00:00:00Z,,,http://www.wikidata.org/prop/direct/P2949,http://www.wikidata.org/prop/direct/P2949,Plunket-14,Plunket-14
http://www.wikidata.org/entity/Q75904153,John Plunket,p39362.htm#i393616,1391-01-01T00:00:00Z,,,http://www.wikidata.org/prop/direct/P4638,http://www.wikidata.org/prop/direct/P4638,p39362.htm#i393616,p39362.htm#i393616
http://www.wikidata.org/entity/Q75904153,John Plunket,p39362.htm#i393616,1391-01-01T00:00:00Z,,,http://www.wikidata.org/prop/direct/P569,http://www.wikidata.org/prop/direct/P569,1391-01-01T00:00:00Z,1391-01-01T00:00:00Z
http://www.wikidata.org/entity/Q75904153,John Plunket,p39362.htm#i393616,1391-01-01T00:00:00Z,,,http://www.wikidata.org/prop/direct/P734,http://www.wikidata.org/prop/direct/P734,http://www.wikidata.org/entity/Q37196423,Plunket
http://www.wikidata.org/entity/Q75904153,John Plunket,p39362.htm#i393616,1391-01-01T00:00:00Z,,,http://www.wikidata.org/prop/direct/P735,http://www.wikidata.org/prop/direct/P735,http://www.wikidata.org/entity/Q4925477,John
http://www.wikidata.org/entity/Q75904155,Elizabeth Hollywood,p39362.htm#i393617,1395-01-01T00:00:00Z,,,http://www.wikidata.org/prop/direct/P21,http://www.wikidata.org/prop/direct/P21,http://www.wikidata.org/entity/Q6581072,female
http://www.wikidata.org/entity/Q75904155,Elizabeth Hollywood,p39362.htm#i393617,1395-01-01T00:00:00Z,,,http://www.wikidata.org/prop/direct/P26,http://www.wikidata.org/prop/direct/P26,http://www.wikidata.org/entity/Q75904153,John Plunket
http://www.wikidata.org/entity/Q75904155,Elizabeth Hollywood,p39362.htm#i393617,1395-01-01T00:00:00Z,,,http://www.wikidata.org/prop/direct/P31,http://www.wikidata.org/prop/direct/P31,http://www.wikidata.org/entity/Q5,human
http://www.wikidata.org/entity/Q75904155,Elizabeth Hollywood,p39362.htm#i393617,1395-01-01T00:00:00Z,,,http://www.wikidata.org/prop/direct/P40,http://www.wikidata.org/prop/direct/P40,http://www.wikidata.org/entity/Q75904156,"Christopher Plunket, 1st Lord Killeen"
http://www.wikidata.org/entity/Q75904155,Elizabeth Hollywood,p39362.htm#i393617,1395-01-01T00:00:00Z,,,http://www.wikidata.org/prop/direct/P1819,http://www.wikidata.org/prop/direct/P1819,I00313609,I00313609
http://www.wikidata.org/entity/Q75904155,Elizabeth Hollywood,p39362.htm#i393617,1395-01-01T00:00:00Z,,,http://www.wikidata.org/prop/direct/P2949,http://www.wikidata.org/prop/direct/P2949,Hollywood-5,Hollywood-5
http://www.wikidata.org/entity/Q75904155,Elizabeth Hollywood,p39362.htm#i393617,1395-01-01T00:00:00Z,,,http://www.wikidata.org/prop/direct/P4638,http://www.wikidata.org/prop/direct/P4638,p39362.htm#i393617,p39362.htm#i393617
http://www.wikidata.org/entity/Q75904155,Elizabeth Hollywood,p39362.htm#i393617,1395-01-01T00:00:00Z,,,http://www.wikidata.org/prop/direct/P569,http://www.wikidata.org/prop/direct/P569,1395-01-01T00:00:00Z,1395-01-01T00:00:00Z
http://www.wikidata.org/entity/Q75904155,Elizabeth Hollywood,p39362.htm#i393617,1395-01-01T00:00:00Z,,,http://www.wikidata.org/prop/direct/P735,http://www.wikidata.org/prop/direct/P735,http://www.wikidata.org/entity/Q385468,Elizabeth
http://www.wikidata.org/entity/Q75904156,"Christopher Plunket, 1st Lord Killeen",p39362.htm#i393618,,1455-01-01T00:00:00Z,,http://www.wikidata.org/prop/direct/P21,http://www.wikidata.org/prop/direct/P21,http://www.wikidata.org/entity/Q6581097,male
http://www.wikidata.org/entity/Q75904156,"Christopher Plunket, 1st Lord Killeen",p39362.htm#i393618,,1455-01-01T00:00:00Z,,http://www.wikidata.org/prop/direct/P22,http://www.wikidata.org/prop/direct/P22,http://www.wikidata.org/entity/Q75904153,John Plunket
http://www.wikidata.org/entity/Q75904156,"Christopher Plunket, 1st Lord Killeen",p39362.htm#i393618,,1455-01-01T00:00:00Z,,http://www.wikidata.org/prop/direct/P25,http://www.wikidata.org/prop/direct/P25,http://www.wikidata.org/entity/Q75904155,Elizabeth Hollywood
http://www.wikidata.org/entity/Q75904156,"Christopher Plunket, 1st Lord Killeen",p39362.htm#i393618,,1455-01-01T00:00:00Z,,http://www.wikidata.org/prop/direct/P26,http://www.wikidata.org/prop/direct/P26,http://www.wikidata.org/entity/Q75904159,Genet Bellew
http://www.wikidata.org/entity/Q75904156,"Christopher Plunket, 1st Lord Killeen",p39362.htm#i393618,,1455-01-01T00:00:00Z,,http://www.wikidata.org/prop/direct/P31,http://www.wikidata.org/prop/direct/P31,http://www.wikidata.org/entity/Q5,human
http://www.wikidata.org/entity/Q75904156,"Christopher Plunket, 1st Lord Killeen",p39362.htm#i393618,,1455-01-01T00:00:00Z,,http://www.wikidata.org/prop/direct/P40,http://www.wikidata.org/prop/direct/P40,http://www.wikidata.org/entity/Q112611026,"Elizabeth Plunkett, of Killeen"
http://www.wikidata.org/entity/Q75904156,"Christopher Plunket, 1st Lord Killeen",p39362.htm#i393618,,1455-01-01T00:00:00Z,,http://www.wikidata.org/prop/direct/P40,http://www.wikidata.org/prop/direct/P40,http://www.wikidata.org/entity/Q75904160,"Christopher Plunket, 2nd Lord Killeen"
http://www.wikidata.org/entity/Q75904156,"Christopher Plunket, 1st Lord Killeen",p39362.htm#i393618,,1455-01-01T00:00:00Z,,http://www.wikidata.org/prop/direct/P40,http://www.wikidata.org/prop/direct/P40,http://www.wikidata.org/entity/Q75904166,"Edmond Plunket, 3rd Lord Killeen"
http://www.wikidata.org/entity/Q75904156,"Christopher Plunket, 1st Lord Killeen",p39362.htm#i393618,,1455-01-01T00:00:00Z,,http://www.wikidata.org/prop/direct/P40,http://www.wikidata.org/prop/direct/P40,http://www.wikidata.org/entity/Q76361865,Broughton Plunket
http://www.wikidata.org/entity/Q75904156,"Christopher Plunket, 1st Lord Killeen",p39362.htm#i393618,,1455-01-01T00:00:00Z,,http://www.wikidata.org/prop/direct/P1819,http://www.wikidata.org/prop/direct/P1819,I00236566,I00236566
http://www.wikidata.org/entity/Q75904156,"Christopher Plunket, 1st Lord Killeen",p39362.htm#i393618,,1455-01-01T00:00:00Z,,http://www.wikidata.org/prop/direct/P2949,http://www.wikidata.org/prop/direct/P2949,Plunket-25,Plunket-25
http://www.wikidata.org/entity/Q75904156,"Christopher Plunket, 1st Lord Killeen",p39362.htm#i393618,,1455-01-01T00:00:00Z,,http://www.wikidata.org/prop/direct/P4638,http://www.wikidata.org/prop/direct/P4638,p39362.htm#i393618,p39362.htm#i393618
http://www.wikidata.org/entity/Q75904156,"Christopher Plunket, 1st Lord Killeen",p39362.htm#i393618,,1455-01-01T00:00:00Z,,http://www.wikidata.org/prop/direct/P570,http://www.wikidata.org/prop/direct/P570,1455-01-01T00:00:00Z,1455-01-01T00:00:00Z
http://www.wikidata.org/entity/Q75904156,"Christopher Plunket, 1st Lord Killeen",p39362.htm#i393618,,1455-01-01T00:00:00Z,,http://www.wikidata.org/prop/direct/P734,http://www.wikidata.org/prop/direct/P734,http://www.wikidata.org/entity/Q37196423,Plunket
http://www.wikidata.org/entity/Q75904156,"Christopher Plunket, 1st Lord Killeen",p39362.htm#i393618,,1455-01-01T00:00:00Z,,http://www.wikidata.org/prop/direct/P735,http://www.wikidata.org/prop/direct/P735,http://www.wikidata.org/entity/Q1084472,Christopher
http://www.wikidata.org/entity/Q75904159,Genet Bellew,p39362.htm#i393619,1417-01-01T00:00:00Z,1463-01-01T00:00:00Z,,http://www.wikidata.org/prop/direct/P21,http://www.wikidata.org/prop/direct/P21,http://www.wikidata.org/entity/Q6581072,female
http://www.wikidata.org/entity/Q75904159,Genet Bellew,p39362.htm#i393619,1417-01-01T00:00:00Z,1463-01-01T00:00:00Z,,http://www.wikidata.org/prop/direct/P26,http://www.wikidata.org/prop/direct/P26,http://www.wikidata.org/entity/Q7372126,"Rowland FitzEustace, 1st Baron Portlester"
http://www.wikidata.org/entity/Q75904159,Genet Bellew,p39362.htm#i393619,1417-01-01T00:00:00Z,1463-01-01T00:00:00Z,,http://www.wikidata.org/prop/direct/P26,http://www.wikidata.org/prop/direct/P26,http://www.wikidata.org/entity/Q75904156,"Christopher Plunket, 1st Lord Killeen"
http://www.wikidata.org/entity/Q75904159,Genet Bellew,p39362.htm#i393619,1417-01-01T00:00:00Z,1463-01-01T00:00:00Z,,http://www.wikidata.org/prop/direct/P31,http://www.wikidata.org/prop/direct/P31,http://www.wikidata.org/entity/Q5,human
http://www.wikidata.org/entity/Q75904159,Genet Bellew,p39362.htm#i393619,1417-01-01T00:00:00Z,1463-01-01T00:00:00Z,,http://www.wikidata.org/prop/direct/P40,http://www.wikidata.org/prop/direct/P40,http://www.wikidata.org/entity/Q112611026,"Elizabeth Plunkett, of Killeen"
http://www.wikidata.org/entity/Q75904159,Genet Bellew,p39362.htm#i393619,1417-01-01T00:00:00Z,1463-01-01T00:00:00Z,,http://www.wikidata.org/prop/direct/P40,http://www.wikidata.org/prop/direct/P40,http://www.wikidata.org/entity/Q75301463,Alison Eustace
http://www.wikidata.org/entity/Q75904159,Genet Bellew,p39362.htm#i393619,1417-01-01T00:00:00Z,1463-01-01T00:00:00Z,,http://www.wikidata.org/prop/direct/P40,http://www.wikidata.org/prop/direct/P40,http://www.wikidata.org/entity/Q75904160,"Christopher Plunket, 2nd Lord Killeen"
http://www.wikidata.org/entity/Q75904159,Genet Bellew,p39362.htm#i393619,1417-01-01T00:00:00Z,1463-01-01T00:00:00Z,,http://www.wikidata.org/prop/direct/P40,http://www.wikidata.org/prop/direct/P40,http://www.wikidata.org/entity/Q75904166,"Edmond Plunket, 3rd Lord Killeen"
http://www.wikidata.org/entity/Q75904159,Genet Bellew,p39362.htm#i393619,1417-01-01T00:00:00Z,1463-01-01T00:00:00Z,,http://www.wikidata.org/prop/direct/P40,http://www.wikidata.org/prop/direct/P40,http://www.wikidata.org/entity/Q76361865,Broughton Plunket
http://www.wikidata.org/entity/Q75904159,Genet Bellew,p39362.htm#i393619,1417-01-01T00:00:00Z,1463-01-01T00:00:00Z,,http://www.wikidata.org/prop/direct/P1819,http://www.wikidata.org/prop/direct/P1819,I00117765,I00117765
http://www.wikidata.org/entity/Q75904159,Genet Bellew,p39362.htm#i393619,1417-01-01T00:00:00Z,1463-01-01T00:00:00Z,,http://www.wikidata.org/prop/direct/P2949,http://www.wikidata.org/prop/direct/P2949,Bellew-20,Bellew-20
http://www.wikidata.org/entity/Q75904159,Genet Bellew,p39362.htm#i393619,1417-01-01T00:00:00Z,1463-01-01T00:00:00Z,,http://www.wikidata.org/prop/direct/P4638,http://www.wikidata.org/prop/direct/P4638,p39362.htm#i393619,p39362.htm#i393619
http://www.wikidata.org/entity/Q75904159,Genet Bellew,p39362.htm#i393619,1417-01-01T00:00:00Z,1463-01-01T00:00:00Z,,http://www.wikidata.org/prop/direct/P569,http://www.wikidata.org/prop/direct/P569,1417-01-01T00:00:00Z,1417-01-01T00:00:00Z
http://www.wikidata.org/entity/Q75904159,Genet Bellew,p39362.htm#i393619,1417-01-01T00:00:00Z,1463-01-01T00:00:00Z,,http://www.wikidata.org/prop/direct/P570,http://www.wikidata.org/prop/direct/P570,1463-01-01T00:00:00Z,1463-01-01T00:00:00Z
http://www.wikidata.org/entity/Q75904172,Anne FitzGerald,p39363.htm#i393627,,1459-06-20T00:00:00Z,,http://www.wikidata.org/prop/direct/P21,http://www.wikidata.org/prop/direct/P21,http://www.wikidata.org/entity/Q6581072,female
http://www.wikidata.org/entity/Q75904172,Anne FitzGerald,p39363.htm#i393627,,1459-06-20T00:00:00Z,,http://www.wikidata.org/prop/direct/P22,http://www.wikidata.org/prop/direct/P22,http://www.wikidata.org/entity/Q75883194,Richard FitzGerald
http://www.wikidata.org/entity/Q75904172,Anne FitzGerald,p39363.htm#i393627,,1459-06-20T00:00:00Z,,http://www.wikidata.org/prop/direct/P25,http://www.wikidata.org/prop/direct/P25,http://www.wikidata.org/entity/Q75894454,Joan de Castle Martin
http://www.wikidata.org/entity/Q75904172,Anne FitzGerald,p39363.htm#i393627,,1459-06-20T00:00:00Z,,http://www.wikidata.org/prop/direct/P26,http://www.wikidata.org/prop/direct/P26,http://www.wikidata.org/entity/Q5113074,"Christopher Plunkett, 1st Baron of Dunsany"
http://www.wikidata.org/entity/Q75904172,Anne FitzGerald,p39363.htm#i393627,,1459-06-20T00:00:00Z,,http://www.wikidata.org/prop/direct/P31,http://www.wikidata.org/prop/direct/P31,http://www.wikidata.org/entity/Q5,human
http://www.wikidata.org/entity/Q75904172,Anne FitzGerald,p39363.htm#i393627,,1459-06-20T00:00:00Z,,http://www.wikidata.org/prop/direct/P40,http://www.wikidata.org/prop/direct/P40,http://www.wikidata.org/entity/Q75904176,"John Plunkett, 2nd Baron of Dunsany"
http://www.wikidata.org/entity/Q75904172,Anne FitzGerald,p39363.htm#i393627,,1459-06-20T00:00:00Z,,http://www.wikidata.org/prop/direct/P2949,http://www.wikidata.org/prop/direct/P2949,Fitzgerald-3826,Fitzgerald-3826
http://www.wikidata.org/entity/Q75904172,Anne FitzGerald,p39363.htm#i393627,,1459-06-20T00:00:00Z,,http://www.wikidata.org/prop/direct/P4638,http://www.wikidata.org/prop/direct/P4638,p39363.htm#i393627,p39363.htm#i393627
http://www.wikidata.org/entity/Q75904172,Anne FitzGerald,p39363.htm#i393627,,1459-06-20T00:00:00Z,,http://www.wikidata.org/prop/direct/P570,http://www.wikidata.org/prop/direct/P570,1459-06-20T00:00:00Z,1459-06-20T00:00:00Z
http://www.wikidata.org/entity/Q75904172,Anne FitzGerald,p39363.htm#i393627,,1459-06-20T00:00:00Z,,http://www.wikidata.org/prop/direct/P734,http://www.wikidata.org/prop/direct/P734,http://www.wikidata.org/entity/Q16466739,FitzGerald
http://www.wikidata.org/entity/Q75904172,Anne FitzGerald,p39363.htm#i393627,,1459-06-20T00:00:00Z,,http://www.wikidata.org/prop/direct/P735,http://www.wikidata.org/prop/direct/P735,http://www.wikidata.org/entity/Q564684,Anne
http://www.wikidata.org/entity/Q75904176,"John Plunkett, 2nd Baron of Dunsany",p39363.htm#i393628,,1455-01-01T00:00:00Z,,http://www.wikidata.org/prop/direct/P21,http://www.wikidata.org/prop/direct/P21,http://www.wikidata.org/entity/Q6581097,male
http://www.wikidata.org/entity/Q75904176,"John Plunkett, 2nd Baron of Dunsany",p39363.htm#i393628,,1455-01-01T00:00:00Z,,http://www.wikidata.org/prop/direct/P22,http://www.wikidata.org/prop/direct/P22,http://www.wikidata.org/entity/Q5113074,"Christopher Plunkett, 1st Baron of Dunsany"
http://www.wikidata.org/entity/Q75904176,"John Plunkett, 2nd Baron of Dunsany",p39363.htm#i393628,,1455-01-01T00:00:00Z,,http://www.wikidata.org/prop/direct/P25,http://www.wikidata.org/prop/direct/P25,http://www.wikidata.org/entity/Q75904172,Anne FitzGerald
http://www.wikidata.org/entity/Q75904176,"John Plunkett, 2nd Baron of Dunsany",p39363.htm#i393628,,1455-01-01T00:00:00Z,,http://www.wikidata.org/prop/direct/P26,http://www.wikidata.org/prop/direct/P26,http://www.wikidata.org/entity/Q75904179,Thomasine Barnewall
http://www.wikidata.org/entity/Q75904176,"John Plunkett, 2nd Baron of Dunsany",p39363.htm#i393628,,1455-01-01T00:00:00Z,,http://www.wikidata.org/prop/direct/P31,http://www.wikidata.org/prop/direct/P31,http://www.wikidata.org/entity/Q5,human
http://www.wikidata.org/entity/Q75904176,"John Plunkett, 2nd Baron of Dunsany",p39363.htm#i393628,,1455-01-01T00:00:00Z,,http://www.wikidata.org/prop/direct/P40,http://www.wikidata.org/prop/direct/P40,http://www.wikidata.org/entity/Q16845368,"John Plunkett, 3rd Baron of Dunsany"
http://www.wikidata.org/entity/Q75904176,"John Plunkett, 2nd Baron of Dunsany",p39363.htm#i393628,,1455-01-01T00:00:00Z,,http://www.wikidata.org/prop/direct/P4638,http://www.wikidata.org/prop/direct/P4638,p39363.htm#i393628,p39363.htm#i393628
http://www.wikidata.org/entity/Q75904176,"John Plunkett, 2nd Baron of Dunsany",p39363.htm#i393628,,1455-01-01T00:00:00Z,,http://www.wikidata.org/prop/direct/P570,http://www.wikidata.org/prop/direct/P570,1455-01-01T00:00:00Z,1455-01-01T00:00:00Z
http://www.wikidata.org/entity/Q75904176,"John Plunkett, 2nd Baron of Dunsany",p39363.htm#i393628,,1455-01-01T00:00:00Z,,http://www.wikidata.org/prop/direct/P735,http://www.wikidata.org/prop/direct/P735,http://www.wikidata.org/entity/Q4925477,John
http://www.wikidata.org/entity/Q75904183,Catherine Hussey,p39364.htm#i393633,1465-01-01T00:00:00Z,,,http://www.wikidata.org/prop/direct/P21,http://www.wikidata.org/prop/direct/P21,http://www.wikidata.org/entity/Q6581072,female
http://www.wikidata.org/entity/Q75904183,Catherine Hussey,p39364.htm#i393633,1465-01-01T00:00:00Z,,,http://www.wikidata.org/prop/direct/P22,http://www.wikidata.org/prop/direct/P22,http://www.wikidata.org/entity/Q75904181,unknown Hussey
http://www.wikidata.org/entity/Q75904183,Catherine Hussey,p39364.htm#i393633,1465-01-01T00:00:00Z,,,http://www.wikidata.org/prop/direct/P26,http://www.wikidata.org/prop/direct/P26,http://www.wikidata.org/entity/Q16845368,"John Plunkett, 3rd Baron of Dunsany"
http://www.wikidata.org/entity/Q75904183,Catherine Hussey,p39364.htm#i393633,1465-01-01T00:00:00Z,,,http://www.wikidata.org/prop/direct/P31,http://www.wikidata.org/prop/direct/P31,http://www.wikidata.org/entity/Q5,human
http://www.wikidata.org/entity/Q75904183,Catherine Hussey,p39364.htm#i393633,1465-01-01T00:00:00Z,,,http://www.wikidata.org/prop/direct/P40,http://www.wikidata.org/prop/direct/P40,http://www.wikidata.org/entity/Q5344873,"Edward Plunkett, 4th Baron of Dunsany"
http://www.wikidata.org/entity/Q75904183,Catherine Hussey,p39364.htm#i393633,1465-01-01T00:00:00Z,,,http://www.wikidata.org/prop/direct/P2949,http://www.wikidata.org/prop/direct/P2949,Hussey-395,Hussey-395
http://www.wikidata.org/entity/Q75904183,Catherine Hussey,p39364.htm#i393633,1465-01-01T00:00:00Z,,,http://www.wikidata.org/prop/direct/P4638,http://www.wikidata.org/prop/direct/P4638,p39364.htm#i393633,p39364.htm#i393633
http://www.wikidata.org/entity/Q75904183,Catherine Hussey,p39364.htm#i393633,1465-01-01T00:00:00Z,,,http://www.wikidata.org/prop/direct/P569,http://www.wikidata.org/prop/direct/P569,1465-01-01T00:00:00Z,1465-01-01T00:00:00Z
http://www.wikidata.org/entity/Q75904183,Catherine Hussey,p39364.htm#i393633,1465-01-01T00:00:00Z,,,http://www.wikidata.org/prop/direct/P735,http://www.wikidata.org/prop/direct/P735,http://www.wikidata.org/entity/Q2218095,Catherine
http://www.wikidata.org/entity/Q75904802,Hugo I van Voorne,p39406.htm#i394053,1205-01-01T00:00:00Z,1275-01-01T00:00:00Z,,http://www.wikidata.org/prop/direct/P21,http://www.wikidata.org/prop/direct/P21,http://www.wikidata.org/entity/Q6581097,male
http://www.wikidata.org/entity/Q75904802,Hugo I van Voorne,p39406.htm#i394053,1205-01-01T00:00:00Z,1275-01-01T00:00:00Z,,http://www.wikidata.org/prop/direct/P22,http://www.wikidata.org/prop/direct/P22,http://www.wikidata.org/entity/Q2077714,Dirk II of Voorne
http://www.wikidata.org/entity/Q75904802,Hugo I van Voorne,p39406.htm#i394053,1205-01-01T00:00:00Z,1275-01-01T00:00:00Z,,http://www.wikidata.org/prop/direct/P25,http://www.wikidata.org/prop/direct/P25,http://www.wikidata.org/entity/Q76233871,Alverade van Cuyk
http://www.wikidata.org/entity/Q75904802,Hugo I van Voorne,p39406.htm#i394053,1205-01-01T00:00:00Z,1275-01-01T00:00:00Z,,http://www.wikidata.org/prop/direct/P26,http://www.wikidata.org/prop/direct/P26,http://www.wikidata.org/entity/Q76134688,Justine van Heeze
http://www.wikidata.org/entity/Q75904802,Hugo I van Voorne,p39406.htm#i394053,1205-01-01T00:00:00Z,1275-01-01T00:00:00Z,,http://www.wikidata.org/prop/direct/P31,http://www.wikidata.org/prop/direct/P31,http://www.wikidata.org/entity/Q5,human
http://www.wikidata.org/entity/Q75904802,Hugo I van Voorne,p39406.htm#i394053,1205-01-01T00:00:00Z,1275-01-01T00:00:00Z,,http://www.wikidata.org/prop/direct/P40,http://www.wikidata.org/prop/direct/P40,http://www.wikidata.org/entity/Q116041751,Hugo Vornekine van Heenvliet
http://www.wikidata.org/entity/Q75904802,Hugo I van Voorne,p39406.htm#i394053,1205-01-01T00:00:00Z,1275-01-01T00:00:00Z,,http://www.wikidata.org/prop/direct/P1819,http://www.wikidata.org/prop/direct/P1819,I00314073,I00314073
http://www.wikidata.org/entity/Q75904802,Hugo I van Voorne,p39406.htm#i394053,1205-01-01T00:00:00Z,1275-01-01T00:00:00Z,,http://www.wikidata.org/prop/direct/P2949,http://www.wikidata.org/prop/direct/P2949,Van_Voorne-34,Van_Voorne-34
http://www.wikidata.org/entity/Q75904802,Hugo I van Voorne,p39406.htm#i394053,1205-01-01T00:00:00Z,1275-01-01T00:00:00Z,,http://www.wikidata.org/prop/direct/P4638,http://www.wikidata.org/prop/direct/P4638,p39406.htm#i394053,p39406.htm#i394053
http://www.wikidata.org/entity/Q75904802,Hugo I van Voorne,p39406.htm#i394053,1205-01-01T00:00:00Z,1275-01-01T00:00:00Z,,http://www.wikidata.org/prop/direct/P569,http://www.wikidata.org/prop/direct/P569,1205-01-01T00:00:00Z,1205-01-01T00:00:00Z
http://www.wikidata.org/entity/Q75904802,Hugo I van Voorne,p39406.htm#i394053,1205-01-01T00:00:00Z,1275-01-01T00:00:00Z,,http://www.wikidata.org/prop/direct/P570,http://www.wikidata.org/prop/direct/P570,1275-01-01T00:00:00Z,1275-01-01T00:00:00Z
http://www.wikidata.org/entity/Q75904802,Hugo I van Voorne,p39406.htm#i394053,1205-01-01T00:00:00Z,1275-01-01T00:00:00Z,,http://www.wikidata.org/prop/direct/P735,http://www.wikidata.org/prop/direct/P735,http://www.wikidata.org/entity/Q1242555,Hugo
http://www.wikidata.org/entity/Q75904885,John Durie of Durie,p39410.htm#i394093,1469-01-01T00:00:00Z,1513-09-09T00:00:00Z,,http://www.wikidata.org/prop/direct/P21,http://www.wikidata.org/prop/direct/P21,http://www.wikidata.org/entity/Q6581097,male
http://www.wikidata.org/entity/Q75904885,John Durie of Durie,p39410.htm#i394093,1469-01-01T00:00:00Z,1513-09-09T00:00:00Z,,http://www.wikidata.org/prop/direct/P22,http://www.wikidata.org/prop/direct/P22,http://www.wikidata.org/entity/Q75904882,George Durie of Durie
http://www.wikidata.org/entity/Q75904885,John Durie of Durie,p39410.htm#i394093,1469-01-01T00:00:00Z,1513-09-09T00:00:00Z,,http://www.wikidata.org/prop/direct/P25,http://www.wikidata.org/prop/direct/P25,http://www.wikidata.org/entity/Q75904883,Isobel Lundy
http://www.wikidata.org/entity/Q75904885,John Durie of Durie,p39410.htm#i394093,1469-01-01T00:00:00Z,1513-09-09T00:00:00Z,,http://www.wikidata.org/prop/direct/P26,http://www.wikidata.org/prop/direct/P26,http://www.wikidata.org/entity/Q75904892,Janet Beaton
http://www.wikidata.org/entity/Q75904885,John Durie of Durie,p39410.htm#i394093,1469-01-01T00:00:00Z,1513-09-09T00:00:00Z,,http://www.wikidata.org/prop/direct/P31,http://www.wikidata.org/prop/direct/P31,http://www.wikidata.org/entity/Q5,human
http://www.wikidata.org/entity/Q75904885,John Durie of Durie,p39410.htm#i394093,1469-01-01T00:00:00Z,1513-09-09T00:00:00Z,,http://www.wikidata.org/prop/direct/P40,http://www.wikidata.org/prop/direct/P40,http://www.wikidata.org/entity/Q75904895,unknown son Durie
http://www.wikidata.org/entity/Q75904885,John Durie of Durie,p39410.htm#i394093,1469-01-01T00:00:00Z,1513-09-09T00:00:00Z,,http://www.wikidata.org/prop/direct/P40,http://www.wikidata.org/prop/direct/P40,http://www.wikidata.org/entity/Q75904896,"George Durie of Rossend, 1st of Craigluscar"
http://www.wikidata.org/entity/Q75904885,John Durie of Durie,p39410.htm#i394093,1469-01-01T00:00:00Z,1513-09-09T00:00:00Z,,http://www.wikidata.org/prop/direct/P40,http://www.wikidata.org/prop/direct/P40,http://www.wikidata.org/entity/Q75904898,Robert Durie
http://www.wikidata.org/entity/Q75904885,John Durie of Durie,p39410.htm#i394093,1469-01-01T00:00:00Z,1513-09-09T00:00:00Z,,http://www.wikidata.org/prop/direct/P40,http://www.wikidata.org/prop/direct/P40,http://www.wikidata.org/entity/Q75904908,John Durie
http://www.wikidata.org/entity/Q75904885,John Durie of Durie,p39410.htm#i394093,1469-01-01T00:00:00Z,1513-09-09T00:00:00Z,,http://www.wikidata.org/prop/direct/P40,http://www.wikidata.org/prop/direct/P40,http://www.wikidata.org/entity/Q75904912,Andrew Durie
http://www.wikidata.org/entity/Q75904885,John Durie of Durie,p39410.htm#i394093,1469-01-01T00:00:00Z,1513-09-09T00:00:00Z,,http://www.wikidata.org/prop/direct/P40,http://www.wikidata.org/prop/direct/P40,http://www.wikidata.org/entity/Q75904917,Elizabeth Durie
http://www.wikidata.org/entity/Q75904885,John Durie of Durie,p39410.htm#i394093,1469-01-01T00:00:00Z,1513-09-09T00:00:00Z,,http://www.wikidata.org/prop/direct/P2949,http://www.wikidata.org/prop/direct/P2949,Durie-392,Durie-392
http://www.wikidata.org/entity/Q75904885,John Durie of Durie,p39410.htm#i394093,1469-01-01T00:00:00Z,1513-09-09T00:00:00Z,,http://www.wikidata.org/prop/direct/P4638,http://www.wikidata.org/prop/direct/P4638,p39410.htm#i394093,p39410.htm#i394093
http://www.wikidata.org/entity/Q75904885,John Durie of Durie,p39410.htm#i394093,1469-01-01T00:00:00Z,1513-09-09T00:00:00Z,,http://www.wikidata.org/prop/direct/P569,http://www.wikidata.org/prop/direct/P569,1469-01-01T00:00:00Z,1469-01-01T00:00:00Z
http://www.wikidata.org/entity/Q75904885,John Durie of Durie,p39410.htm#i394093,1469-01-01T00:00:00Z,1513-09-09T00:00:00Z,,http://www.wikidata.org/prop/direct/P570,http://www.wikidata.org/prop/direct/P570,1513-09-09T00:00:00Z,1513-09-09T00:00:00Z
http://www.wikidata.org/entity/Q75904885,John Durie of Durie,p39410.htm#i394093,1469-01-01T00:00:00Z,1513-09-09T00:00:00Z,,http://www.wikidata.org/prop/direct/P734,http://www.wikidata.org/prop/direct/P734,http://www.wikidata.org/entity/Q21509849,Durie
http://www.wikidata.org/entity/Q75904885,John Durie of Durie,p39410.htm#i394093,1469-01-01T00:00:00Z,1513-09-09T00:00:00Z,,http://www.wikidata.org/prop/direct/P735,http://www.wikidata.org/prop/direct/P735,http://www.wikidata.org/entity/Q4925477,John
http://www.wikidata.org/entity/Q75904892,Janet Beaton,p39410.htm#i394097,1473-01-01T00:00:00Z,,,http://www.wikidata.org/prop/direct/P21,http://www.wikidata.org/prop/direct/P21,http://www.wikidata.org/entity/Q6581072,female
http://www.wikidata.org/entity/Q75904892,Janet Beaton,p39410.htm#i394097,1473-01-01T00:00:00Z,,,http://www.wikidata.org/prop/direct/P22,http://www.wikidata.org/prop/direct/P22,http://www.wikidata.org/entity/Q75904890,John Beaton
http://www.wikidata.org/entity/Q75904892,Janet Beaton,p39410.htm#i394097,1473-01-01T00:00:00Z,,,http://www.wikidata.org/prop/direct/P26,http://www.wikidata.org/prop/direct/P26,http://www.wikidata.org/entity/Q75904885,John Durie of Durie
http://www.wikidata.org/entity/Q75904892,Janet Beaton,p39410.htm#i394097,1473-01-01T00:00:00Z,,,http://www.wikidata.org/prop/direct/P31,http://www.wikidata.org/prop/direct/P31,http://www.wikidata.org/entity/Q5,human
http://www.wikidata.org/entity/Q75904892,Janet Beaton,p39410.htm#i394097,1473-01-01T00:00:00Z,,,http://www.wikidata.org/prop/direct/P40,http://www.wikidata.org/prop/direct/P40,http://www.wikidata.org/entity/Q75904895,unknown son Durie
http://www.wikidata.org/entity/Q75904892,Janet Beaton,p39410.htm#i394097,1473-01-01T00:00:00Z,,,http://www.wikidata.org/prop/direct/P40,http://www.wikidata.org/prop/direct/P40,http://www.wikidata.org/entity/Q75904896,"George Durie of Rossend, 1st of Craigluscar"
http://www.wikidata.org/entity/Q75904892,Janet Beaton,p39410.htm#i394097,1473-01-01T00:00:00Z,,,http://www.wikidata.org/prop/direct/P40,http://www.wikidata.org/prop/direct/P40,http://www.wikidata.org/entity/Q75904898,Robert Durie
http://www.wikidata.org/entity/Q75904892,Janet Beaton,p39410.htm#i394097,1473-01-01T00:00:00Z,,,http://www.wikidata.org/prop/direct/P40,http://www.wikidata.org/prop/direct/P40,http://www.wikidata.org/entity/Q75904908,John Durie
http://www.wikidata.org/entity/Q75904892,Janet Beaton,p39410.htm#i394097,1473-01-01T00:00:00Z,,,http://www.wikidata.org/prop/direct/P40,http://www.wikidata.org/prop/direct/P40,http://www.wikidata.org/entity/Q75904912,Andrew Durie
http://www.wikidata.org/entity/Q75904892,Janet Beaton,p39410.htm#i394097,1473-01-01T00:00:00Z,,,http://www.wikidata.org/prop/direct/P40,http://www.wikidata.org/prop/direct/P40,http://www.wikidata.org/entity/Q75904917,Elizabeth Durie
http://www.wikidata.org/entity/Q75904892,Janet Beaton,p39410.htm#i394097,1473-01-01T00:00:00Z,,,http://www.wikidata.org/prop/direct/P2949,http://www.wikidata.org/prop/direct/P2949,Bethune-636,Bethune-636
http://www.wikidata.org/entity/Q75904892,Janet Beaton,p39410.htm#i394097,1473-01-01T00:00:00Z,,,http://www.wikidata.org/prop/direct/P4638,http://www.wikidata.org/prop/direct/P4638,p39410.htm#i394097,p39410.htm#i394097
http://www.wikidata.org/entity/Q75904892,Janet Beaton,p39410.htm#i394097,1473-01-01T00:00:00Z,,,http://www.wikidata.org/prop/direct/P569,http://www.wikidata.org/prop/direct/P569,1473-01-01T00:00:00Z,1473-01-01T00:00:00Z
http://www.wikidata.org/entity/Q75904892,Janet Beaton,p39410.htm#i394097,1473-01-01T00:00:00Z,,,http://www.wikidata.org/prop/direct/P734,http://www.wikidata.org/prop/direct/P734,http://www.wikidata.org/entity/Q16479695,Beaton
http://www.wikidata.org/entity/Q75904892,Janet Beaton,p39410.htm#i394097,1473-01-01T00:00:00Z,,,http://www.wikidata.org/prop/direct/P734,http://www.wikidata.org/prop/direct/P734,http://www.wikidata.org/entity/Q21509849,Durie
http://www.wikidata.org/entity/Q75904892,Janet Beaton,p39410.htm#i394097,1473-01-01T00:00:00Z,,,http://www.wikidata.org/prop/direct/P735,http://www.wikidata.org/prop/direct/P735,http://www.wikidata.org/entity/Q13553631,Janet
http://www.wikidata.org/entity/Q75904896,"George Durie of Rossend, 1st of Craigluscar",p39410.htm#i394099,1494-06-20T00:00:00Z,1575-01-01T00:00:00Z,,http://www.wikidata.org/prop/direct/P21,http://www.wikidata.org/prop/direct/P21,http://www.wikidata.org/entity/Q6581097,male
http://www.wikidata.org/entity/Q75904896,"George Durie of Rossend, 1st of Craigluscar",p39410.htm#i394099,1494-06-20T00:00:00Z,1575-01-01T00:00:00Z,,http://www.wikidata.org/prop/direct/P22,http://www.wikidata.org/prop/direct/P22,http://www.wikidata.org/entity/Q75904885,John Durie of Durie
http://www.wikidata.org/entity/Q75904896,"George Durie of Rossend, 1st of Craigluscar",p39410.htm#i394099,1494-06-20T00:00:00Z,1575-01-01T00:00:00Z,,http://www.wikidata.org/prop/direct/P25,http://www.wikidata.org/prop/direct/P25,http://www.wikidata.org/entity/Q75904892,Janet Beaton
http://www.wikidata.org/entity/Q75904896,"George Durie of Rossend, 1st of Craigluscar",p39410.htm#i394099,1494-06-20T00:00:00Z,1575-01-01T00:00:00Z,,http://www.wikidata.org/prop/direct/P26,http://www.wikidata.org/prop/direct/P26,http://www.wikidata.org/entity/Q75904923,Catherine Sybbald
http://www.wikidata.org/entity/Q75904896,"George Durie of Rossend, 1st of Craigluscar",p39410.htm#i394099,1494-06-20T00:00:00Z,1575-01-01T00:00:00Z,,http://www.wikidata.org/prop/direct/P26,http://www.wikidata.org/prop/direct/P26,http://www.wikidata.org/entity/Q75934175,Margaret Bruce
http://www.wikidata.org/entity/Q75904896,"George Durie of Rossend, 1st of Craigluscar",p39410.htm#i394099,1494-06-20T00:00:00Z,1575-01-01T00:00:00Z,,http://www.wikidata.org/prop/direct/P31,http://www.wikidata.org/prop/direct/P31,http://www.wikidata.org/entity/Q5,human
http://www.wikidata.org/entity/Q75904896,"George Durie of Rossend, 1st of Craigluscar",p39410.htm#i394099,1494-06-20T00:00:00Z,1575-01-01T00:00:00Z,,http://www.wikidata.org/prop/direct/P40,http://www.wikidata.org/prop/direct/P40,http://www.wikidata.org/entity/Q75904925,Henry Durie of Craigluscar
http://www.wikidata.org/entity/Q75904896,"George Durie of Rossend, 1st of Craigluscar",p39410.htm#i394099,1494-06-20T00:00:00Z,1575-01-01T00:00:00Z,,http://www.wikidata.org/prop/direct/P40,http://www.wikidata.org/prop/direct/P40,http://www.wikidata.org/entity/Q75904927,John Durie
http://www.wikidata.org/entity/Q75904896,"George Durie of Rossend, 1st of Craigluscar",p39410.htm#i394099,1494-06-20T00:00:00Z,1575-01-01T00:00:00Z,,http://www.wikidata.org/prop/direct/P40,http://www.wikidata.org/prop/direct/P40,http://www.wikidata.org/entity/Q75904930,George Durie
http://www.wikidata.org/entity/Q75904896,"George Durie of Rossend, 1st of Craigluscar",p39410.htm#i394099,1494-06-20T00:00:00Z,1575-01-01T00:00:00Z,,http://www.wikidata.org/prop/direct/P40,http://www.wikidata.org/prop/direct/P40,http://www.wikidata.org/entity/Q75904934,unknown daughter Durie
http://www.wikidata.org/entity/Q75904896,"George Durie of Rossend, 1st of Craigluscar",p39410.htm#i394099,1494-06-20T00:00:00Z,1575-01-01T00:00:00Z,,http://www.wikidata.org/prop/direct/P40,http://www.wikidata.org/prop/direct/P40,http://www.wikidata.org/entity/Q75904937,Janet Durie
http://www.wikidata.org/entity/Q75904896,"George Durie of Rossend, 1st of Craigluscar",p39410.htm#i394099,1494-06-20T00:00:00Z,1575-01-01T00:00:00Z,,http://www.wikidata.org/prop/direct/P40,http://www.wikidata.org/prop/direct/P40,http://www.wikidata.org/entity/Q75904942,Peter Durie
http://www.wikidata.org/entity/Q75904896,"George Durie of Rossend, 1st of Craigluscar",p39410.htm#i394099,1494-06-20T00:00:00Z,1575-01-01T00:00:00Z,,http://www.wikidata.org/prop/direct/P4638,http://www.wikidata.org/prop/direct/P4638,p39410.htm#i394099,p39410.htm#i394099
http://www.wikidata.org/entity/Q75904896,"George Durie of Rossend, 1st of Craigluscar",p39410.htm#i394099,1494-06-20T00:00:00Z,1575-01-01T00:00:00Z,,http://www.wikidata.org/prop/direct/P569,http://www.wikidata.org/prop/direct/P569,1494-06-20T00:00:00Z,1494-06-20T00:00:00Z
http://www.wikidata.org/entity/Q75904896,"George Durie of Rossend, 1st of Craigluscar",p39410.htm#i394099,1494-06-20T00:00:00Z,1575-01-01T00:00:00Z,,http://www.wikidata.org/prop/direct/P570,http://www.wikidata.org/prop/direct/P570,1575-01-01T00:00:00Z,1575-01-01T00:00:00Z
http://www.wikidata.org/entity/Q75904896,"George Durie of Rossend, 1st of Craigluscar",p39410.htm#i394099,1494-06-20T00:00:00Z,1575-01-01T00:00:00Z,,http://www.wikidata.org/prop/direct/P734,http://www.wikidata.org/prop/direct/P734,http://www.wikidata.org/entity/Q21509849,Durie
http://www.wikidata.org/entity/Q75904896,"George Durie of Rossend, 1st of Craigluscar",p39410.htm#i394099,1494-06-20T00:00:00Z,1575-01-01T00:00:00Z,,http://www.wikidata.org/prop/direct/P735,http://www.wikidata.org/prop/direct/P735,http://www.wikidata.org/entity/Q15921732,George
http://www.wikidata.org/entity/Q75904898,Robert Durie,p39410.htm#i394100,1492-01-01T00:00:00Z,1554-01-01T00:00:00Z,,http://www.wikidata.org/prop/direct/P21,http://www.wikidata.org/prop/direct/P21,http://www.wikidata.org/entity/Q6581097,male
http://www.wikidata.org/entity/Q75904898,Robert Durie,p39410.htm#i394100,1492-01-01T00:00:00Z,1554-01-01T00:00:00Z,,http://www.wikidata.org/prop/direct/P22,http://www.wikidata.org/prop/direct/P22,http://www.wikidata.org/entity/Q75904885,John Durie of Durie
http://www.wikidata.org/entity/Q75904898,Robert Durie,p39410.htm#i394100,1492-01-01T00:00:00Z,1554-01-01T00:00:00Z,,http://www.wikidata.org/prop/direct/P25,http://www.wikidata.org/prop/direct/P25,http://www.wikidata.org/entity/Q75904892,Janet Beaton
http://www.wikidata.org/entity/Q75904898,Robert Durie,p39410.htm#i394100,1492-01-01T00:00:00Z,1554-01-01T00:00:00Z,,http://www.wikidata.org/prop/direct/P26,http://www.wikidata.org/prop/direct/P26,http://www.wikidata.org/entity/Q75904899,Katherine Lundy
http://www.wikidata.org/entity/Q75904898,Robert Durie,p39410.htm#i394100,1492-01-01T00:00:00Z,1554-01-01T00:00:00Z,,http://www.wikidata.org/prop/direct/P31,http://www.wikidata.org/prop/direct/P31,http://www.wikidata.org/entity/Q5,human
http://www.wikidata.org/entity/Q75904898,Robert Durie,p39410.htm#i394100,1492-01-01T00:00:00Z,1554-01-01T00:00:00Z,,http://www.wikidata.org/prop/direct/P40,http://www.wikidata.org/prop/direct/P40,http://www.wikidata.org/entity/Q75904902,Janet Durie
http://www.wikidata.org/entity/Q75904898,Robert Durie,p39410.htm#i394100,1492-01-01T00:00:00Z,1554-01-01T00:00:00Z,,http://www.wikidata.org/prop/direct/P2949,http://www.wikidata.org/prop/direct/P2949,Durie-217,Durie-217
http://www.wikidata.org/entity/Q75904898,Robert Durie,p39410.htm#i394100,1492-01-01T00:00:00Z,1554-01-01T00:00:00Z,,http://www.wikidata.org/prop/direct/P4638,http://www.wikidata.org/prop/direct/P4638,p39410.htm#i394100,p39410.htm#i394100
http://www.wikidata.org/entity/Q75904898,Robert Durie,p39410.htm#i394100,1492-01-01T00:00:00Z,1554-01-01T00:00:00Z,,http://www.wikidata.org/prop/direct/P569,http://www.wikidata.org/prop/direct/P569,1492-01-01T00:00:00Z,1492-01-01T00:00:00Z
http://www.wikidata.org/entity/Q75904898,Robert Durie,p39410.htm#i394100,1492-01-01T00:00:00Z,1554-01-01T00:00:00Z,,http://www.wikidata.org/prop/direct/P570,http://www.wikidata.org/prop/direct/P570,1554-01-01T00:00:00Z,1554-01-01T00:00:00Z
http://www.wikidata.org/entity/Q75904898,Robert Durie,p39410.htm#i394100,1492-01-01T00:00:00Z,1554-01-01T00:00:00Z,,http://www.wikidata.org/prop/direct/P734,http://www.wikidata.org/prop/direct/P734,http://www.wikidata.org/entity/Q21509849,Durie
http://www.wikidata.org/entity/Q75904898,Robert Durie,p39410.htm#i394100,1492-01-01T00:00:00Z,1554-01-01T00:00:00Z,,http://www.wikidata.org/prop/direct/P735,http://www.wikidata.org/prop/direct/P735,http://www.wikidata.org/entity/Q4927937,Robert
http://www.wikidata.org/entity/Q75904918,"David Pitcairn, 12th of Pitcairn",p39411.htm#i394110,1496-01-01T00:00:00Z,1592-01-01T00:00:00Z,,http://www.wikidata.org/prop/direct/P21,http://www.wikidata.org/prop/direct/P21,http://www.wikidata.org/entity/Q6581097,male
http://www.wikidata.org/entity/Q75904918,"David Pitcairn, 12th of Pitcairn",p39411.htm#i394110,1496-01-01T00:00:00Z,1592-01-01T00:00:00Z,,http://www.wikidata.org/prop/direct/P22,http://www.wikidata.org/prop/direct/P22,http://www.wikidata.org/entity/Q76117151,"Henry Pitcairn, 11th of Pitcairn and of Drongy"
http://www.wikidata.org/entity/Q75904918,"David Pitcairn, 12th of Pitcairn",p39411.htm#i394110,1496-01-01T00:00:00Z,1592-01-01T00:00:00Z,,http://www.wikidata.org/prop/direct/P25,http://www.wikidata.org/prop/direct/P25,http://www.wikidata.org/entity/Q76193150,Egidia Melville
http://www.wikidata.org/entity/Q75904918,"David Pitcairn, 12th of Pitcairn",p39411.htm#i394110,1496-01-01T00:00:00Z,1592-01-01T00:00:00Z,,http://www.wikidata.org/prop/direct/P26,http://www.wikidata.org/prop/direct/P26,http://www.wikidata.org/entity/Q75904917,Elizabeth Durie
http://www.wikidata.org/entity/Q75904918,"David Pitcairn, 12th of Pitcairn",p39411.htm#i394110,1496-01-01T00:00:00Z,1592-01-01T00:00:00Z,,http://www.wikidata.org/prop/direct/P31,http://www.wikidata.org/prop/direct/P31,http://www.wikidata.org/entity/Q5,human
http://www.wikidata.org/entity/Q75904918,"David Pitcairn, 12th of Pitcairn",p39411.htm#i394110,1496-01-01T00:00:00Z,1592-01-01T00:00:00Z,,http://www.wikidata.org/prop/direct/P40,http://www.wikidata.org/prop/direct/P40,http://www.wikidata.org/entity/Q75904922,Robert Pitcairn
http://www.wikidata.org/entity/Q75904918,"David Pitcairn, 12th of Pitcairn",p39411.htm#i394110,1496-01-01T00:00:00Z,1592-01-01T00:00:00Z,,http://www.wikidata.org/prop/direct/P40,http://www.wikidata.org/prop/direct/P40,http://www.wikidata.org/entity/Q76365856,"John Pitcairn, 14th of Pitcairn"
http://www.wikidata.org/entity/Q75904918,"David Pitcairn, 12th of Pitcairn",p39411.htm#i394110,1496-01-01T00:00:00Z,1592-01-01T00:00:00Z,,http://www.wikidata.org/prop/direct/P40,http://www.wikidata.org/prop/direct/P40,http://www.wikidata.org/entity/Q76365860,Barbara Pitcairn
http://www.wikidata.org/entity/Q75904918,"David Pitcairn, 12th of Pitcairn",p39411.htm#i394110,1496-01-01T00:00:00Z,1592-01-01T00:00:00Z,,http://www.wikidata.org/prop/direct/P2949,http://www.wikidata.org/prop/direct/P2949,Pitcairn-142,Pitcairn-142
http://www.wikidata.org/entity/Q75904918,"David Pitcairn, 12th of Pitcairn",p39411.htm#i394110,1496-01-01T00:00:00Z,1592-01-01T00:00:00Z,,http://www.wikidata.org/prop/direct/P4638,http://www.wikidata.org/prop/direct/P4638,p39411.htm#i394110,p39411.htm#i394110
http://www.wikidata.org/entity/Q75904918,"David Pitcairn, 12th of Pitcairn",p39411.htm#i394110,1496-01-01T00:00:00Z,1592-01-01T00:00:00Z,,http://www.wikidata.org/prop/direct/P569,http://www.wikidata.org/prop/direct/P569,1496-01-01T00:00:00Z,1496-01-01T00:00:00Z
http://www.wikidata.org/entity/Q75904918,"David Pitcairn, 12th of Pitcairn",p39411.htm#i394110,1496-01-01T00:00:00Z,1592-01-01T00:00:00Z,,http://www.wikidata.org/prop/direct/P570,http://www.wikidata.org/prop/direct/P570,1592-01-01T00:00:00Z,1592-01-01T00:00:00Z
http://www.wikidata.org/entity/Q75904918,"David Pitcairn, 12th of Pitcairn",p39411.htm#i394110,1496-01-01T00:00:00Z,1592-01-01T00:00:00Z,,http://www.wikidata.org/prop/direct/P734,http://www.wikidata.org/prop/direct/P734,http://www.wikidata.org/entity/Q21491371,Pitcairn
http://www.wikidata.org/entity/Q75904918,"David Pitcairn, 12th of Pitcairn",p39411.htm#i394110,1496-01-01T00:00:00Z,1592-01-01T00:00:00Z,,http://www.wikidata.org/prop/direct/P735,http://www.wikidata.org/prop/direct/P735,http://www.wikidata.org/entity/Q18057751,David
http://www.wikidata.org/entity/Q75905264,Eldir ap Rhys,p39433.htm#i394327,1260-01-01T00:00:00Z,,,http://www.wikidata.org/prop/direct/P21,http://www.wikidata.org/prop/direct/P21,http://www.wikidata.org/entity/Q6581097,male
http://www.wikidata.org/entity/Q75905264,Eldir ap Rhys,p39433.htm#i394327,1260-01-01T00:00:00Z,,,http://www.wikidata.org/prop/direct/P22,http://www.wikidata.org/prop/direct/P22,http://www.wikidata.org/entity/Q75905263,Rhys ap Gronwy
http://www.wikidata.org/entity/Q75905264,Eldir ap Rhys,p39433.htm#i394327,1260-01-01T00:00:00Z,,,http://www.wikidata.org/prop/direct/P25,http://www.wikidata.org/prop/direct/P25,http://www.wikidata.org/entity/Q99086768,Margaret
http://www.wikidata.org/entity/Q75905264,Eldir ap Rhys,p39433.htm#i394327,1260-01-01T00:00:00Z,,,http://www.wikidata.org/prop/direct/P31,http://www.wikidata.org/prop/direct/P31,http://www.wikidata.org/entity/Q5,human
http://www.wikidata.org/entity/Q75905264,Eldir ap Rhys,p39433.htm#i394327,1260-01-01T00:00:00Z,,,http://www.wikidata.org/prop/direct/P40,http://www.wikidata.org/prop/direct/P40,http://www.wikidata.org/entity/Q116055707,Catrin ferch Elidir ap Rhys ap Gronwy
http://www.wikidata.org/entity/Q75905264,Eldir ap Rhys,p39433.htm#i394327,1260-01-01T00:00:00Z,,,http://www.wikidata.org/prop/direct/P40,http://www.wikidata.org/prop/direct/P40,http://www.wikidata.org/entity/Q116146093,Cunedda ab Elidir ap Rhys ap Gronwy
http://www.wikidata.org/entity/Q75905264,Eldir ap Rhys,p39433.htm#i394327,1260-01-01T00:00:00Z,,,http://www.wikidata.org/prop/direct/P40,http://www.wikidata.org/prop/direct/P40,http://www.wikidata.org/entity/Q128855656,Lleucu ferch Elidir ap Rhys ap Gronwy
http://www.wikidata.org/entity/Q75905264,Eldir ap Rhys,p39433.htm#i394327,1260-01-01T00:00:00Z,,,http://www.wikidata.org/prop/direct/P40,http://www.wikidata.org/prop/direct/P40,http://www.wikidata.org/entity/Q131347076,Gruffudd ab Elidir ap Rhys ap Gronwy
http://www.wikidata.org/entity/Q75905264,Eldir ap Rhys,p39433.htm#i394327,1260-01-01T00:00:00Z,,,http://www.wikidata.org/prop/direct/P40,http://www.wikidata.org/prop/direct/P40,http://www.wikidata.org/entity/Q75905265,Elidir Dhu ap Elidir
http://www.wikidata.org/entity/Q75905264,Eldir ap Rhys,p39433.htm#i394327,1260-01-01T00:00:00Z,,,http://www.wikidata.org/prop/direct/P1819,http://www.wikidata.org/prop/direct/P1819,I00314024,I00314024
http://www.wikidata.org/entity/Q75905264,Eldir ap Rhys,p39433.htm#i394327,1260-01-01T00:00:00Z,,,http://www.wikidata.org/prop/direct/P2949,http://www.wikidata.org/prop/direct/P2949,Ap_Rhys-66,Ap_Rhys-66
http://www.wikidata.org/entity/Q75905264,Eldir ap Rhys,p39433.htm#i394327,1260-01-01T00:00:00Z,,,http://www.wikidata.org/prop/direct/P4638,http://www.wikidata.org/prop/direct/P4638,p39433.htm#i394327,p39433.htm#i394327
http://www.wikidata.org/entity/Q75905264,Eldir ap Rhys,p39433.htm#i394327,1260-01-01T00:00:00Z,,,http://www.wikidata.org/prop/direct/P569,http://www.wikidata.org/prop/direct/P569,1260-01-01T00:00:00Z,1260-01-01T00:00:00Z
